100 100
-3.211 -9.462 6.967 5.936 9.884 8.909 6.962 8.036 -9.698 8.851 -2.176 2.125 1.808 3.412 0.295 -7.375 -1.177 -7.383 8.685 8.845 1.272 -2.109 -8.830 -3.998 -3.620 -7.701 -9.231 -5.111 7.419 8.708 -4.427 -2.528 -0.611 4.950 -8.616 -5.204 7.486 -0.648 1.268 -6.492 3.676 0.783 9.413 -7.636 -4.321 7.620 6.714 1.710 -2.340 1.842 -2.409 -8.307 6.769 -6.769 6.133 2.787 6.218 8.074 2.253 -4.985 0.512 5.696 5.615 -6.249 9.389 -6.830 3.048 3.686 -2.856 -0.087 -5.615 5.706 0.944 7.326 3.669 2.573 4.587 8.153 -0.572 2.093 -4.115 -8.165 -8.630 -0.038 -4.240 6.736 -4.867 9.045 2.855 8.229 -4.992 -6.980 4.471 0.746 3.720 -5.804 -6.312 -5.112 -8.095 -1.748
-5.438 -9.305 -2.848 7.674 3.984 -8.154 3.677 6.147 -6.244 8.292 0.908 4.884 -1.648 6.461 9.035 -4.241 0.327 2.625 3.665 4.073 2.530 -3.240 8.481 -7.810 3.527 1.151 -0.486 9.566 0.463 6.065 0.754 0.270 -3.643 -8.571 -8.327 6.364 2.964 2.504 9.652 2.097 6.327 4.949 -9.915 8.261 6.599 -8.080 8.881 -3.769 7.623 -6.092 -2.510 -5.327 0.320 -5.789 -7.013 -9.088 -2.043 1.276 -7.434 8.545 7.340 -7.099 5.459 8.248 -4.554 2.319 7.245 1.562 -8.030 -0.565 1.084 9.167 -1.484 9.404 -3.227 3.624 -0.747 -1.562 -1.694 8.636 3.767 -7.002 -4.024 -1.022 4.434 -7.424 0.235 -6.950 2.878 3.531 -1.378 -1.304 8.340 -3.686 -2.380 -4.847 -5.295 -6.103 3.025 -5.428
3.802 -8.804 5.600 -8.323 3.381 -5.180 6.400 -1.425 4.481 -6.145 -5.883 -1.861 1.559 3.792 -9.055 0.067 2.237 -5.128 -9.749 -5.245 1.817 0.193 -5.672 1.968 -0.727 0.632 -0.485 1.059 -7.730 -6.615 -0.051 -0.777 -9.330 2.856 -9.660 3.441 -9.736 1.600 1.933 9.232 6.617 1.271 -2.639 -3.223 -3.998 7.630 0.584 9.996 -6.183 -7.475 6.466 3.850 -7.626 -2.067 -6.740 -9.943 3.939 -6.074 -8.046 2.159 -7.390 -2.942 7.579 -0.761 1.488 -5.648 -7.557 -8.160 5.437 8.879 7.474 7.953 -7.233 1.678 -3.953 -5.503 6.684 -2.145 -5.554 8.516 -3.006 9.775 -8.211 3.798 0.377 -9.773 -0.122 -9.789 2.380 3.496 5.654 -8.347 2.477 -3.172 6.036 -6.273 9.270 8.802 -3.360 -9.471
-4.693 -1.179 -9.865 1.077 -6.391 -1.724 9.985 3.060 -1.830 8.505 6.272 -3.386 -0.853 -4.212 -5.583 -2.605 -6.279 6.646 1.145 4.911 -6.126 -9.139 8.474 -7.408 6.171 -4.988 -6.441 -0.813 -0.178 -1.524 9.103 7.942 -7.619 -3.227 -1.713 3.246 -8.724 7.302 4.631 7.571 -4.394 -8.940 2.373 5.208 -7.694 3.423 -1.238 2.225 9.152 4.532 -1.567 -8.355 0.804 7.952 3.296 3.770 8.851 5.565 -9.208 -2.921 -1.541 -2.997 7.191 3.751 -8.487 9.542 2.854 8.706 1.781 1.116 2.995 -8.719 8.116 -3.190 -5.851 -6.148 -6.091 1.485 -3.167 0.288 -4.783 -9.242 7.949 0.356 4.946 1.281 1.146 -1.954 -0.880 -3.151 -2.658 0.768 -5.383 -1.590 5.690 -6.653 2.582 -5.581 -5.434 8.434
2.381 -2.947 -7.343 0.721 0.119 -1.195 5.559 -7.953 -9.661 -3.501 7.265 -0.772 4.638 -0.998 -9.746 -3.099 -3.320 -0.344 2.638 6.991 -8.513 -6.790 -3.662 -2.996 -0.796 5.975 2.307 1.744 -2.593 -5.224 7.654 7.139 -0.570 4.329 7.984 6.868 -4.007 7.759 1.426 -1.774 -8.232 8.942 -3.786 7.316 -2.584 9.527 -1.571 1.786 6.624 -7.464 -6.128 4.723 9.236 -3.807 2.902 9.293 -8.058 1.182 -0.149 -8.784 2.634 4.671 -1.541 9.262 -4.454 6.833 -5.549 3.062 -7.672 -4.938 -6.848 9.893 -1.087 -3.663 -4.965 1.924 -5.722 5.271 0.589 0.471 -1.525 0.273 0.690 6.707 0.305 -2.286 -6.730 -6.258 7.677 3.509 5.110 -7.872 -4.674 8.760 7.012 6.603 -8.619 1.629 -0.970 7.197
-0.933 2.912 -5.634 -9.825 2.222 9.240 -3.779 -2.453 9.661 -4.234 -9.044 -5.879 9.438 6.414 3.424 -6.019 1.853 -7.651 -6.648 -0.328 -2.360 8.526 -2.353 4.157 -3.161 -2.138 2.475 -6.624 5.360 -4.158 1.586 1.155 -7.308 -6.234 -9.709 8.056 1.038 -7.098 5.275 4.249 -4.576 -7.060 8.422 -4.440 -5.290 3.215 5.040 6.589 9.051 3.843 5.160 4.747 -5.965 9.927 8.455 -7.165 -6.183 -5.119 -3.330 -6.103 -4.472 -0.487 9.538 -4.147 1.568 -8.810 -1.582 2.777 -6.958 -6.768 4.899 -9.215 -3.112 -5.286 1.603 4.522 -3.137 1.215 2.561 -6.656 -0.405 -3.049 -9.691 5.278 -5.025 9.473 0.349 -3.848 4.957 9.225 -4.615 -8.241 -8.249 6.118 2.568 -0.817 -1.234 0.830 5.624 9.217
-0.487 -3.023 -3.624 2.869 4.793 -6.691 5.046 -3.945 0.699 9.670 7.133 -0.901 7.988 6.706 -7.433 -1.723 0.667 9.034 0.437 -3.742 5.310 -7.575 -0.855 -3.522 -6.422 2.767 1.798 -9.933 5.254 5.867 9.418 -7.340 1.071 7.005 -0.060 -1.561 1.318 -2.698 1.063 4.019 0.945 3.842 -5.252 9.053 0.340 3.602 2.018 -2.511 0.042 0.685 5.295 5.674 4.247 9.404 6.214 -0.071 -6.252 -2.149 -3.522 -6.063 8.410 -1.657 4.059 3.961 -6.156 7.188 1.016 7.719 -5.935 -9.296 6.334 1.858 -4.421 -8.707 3.101 9.937 -6.821 -2.659 -1.666 7.831 9.348 -1.602 -8.313 -1.818 4.120 1.497 1.842 -5.295 -8.482 0.797 -1.454 -1.367 -9.004 -0.882 -4.845 -2.929 3.512 8.903 -4.752 8.927
-5.283 0.119 5.351 -7.294 3.981 -1.988 -5.785 5.430 3.722 8.260 9.990 9.961 -0.934 -7.021 -5.662 9.591 4.353 2.861 -2.296 -2.227 4.088 5.371 -4.187 -5.093 -1.679 6.704 -4.002 -9.807 8.699 8.598 -5.762 8.596 5.795 3.807 6.052 -2.164 -7.474 -5.380 -5.500 -1.108 3.097 -9.418 4.402 -2.017 -3.031 -4.262 -9.002 -8.045 2.675 -4.424 3.611 -1.631 -6.760 5.621 9.585 6.452 -4.690 -2.497 -7.685 -4.958 7.668 -5.557 9.266 5.783 -9.425 -4.271 2.425 -9.892 3.379 -1.120 -8.642 -2.973 3.189 -7.910 9.517 2.207 5.100 8.165 4.602 -6.345 -1.821 8.567 5.834 8.186 4.963 1.504 3.187 9.920 -5.665 -2.904 -2.005 -3.638 7.266 -9.745 -1.472 5.453 -3.478 -3.287 0.209 4.058
0.007 -0.874 7.943 -8.829 -8.386 7.590 1.411 8.245 2.189 5.752 5.655 -4.839 7.214 -1.582 -3.657 3.459 2.180 0.863 -8.211 9.682 7.806 2.431 -6.873 -1.487 -9.323 8.735 -1.454 2.280 -1.310 8.451 -4.423 5.555 -7.238 -7.572 1.729 -8.455 -6.615 4.068 -0.454 6.832 -1.311 -8.805 -5.523 1.214 6.934 6.922 8.508 2.116 1.415 8.585 -6.101 -6.451 -1.265 0.396 -7.559 -1.089 2.474 -6.256 8.566 -7.865 7.974 -3.630 1.867 0.358 -9.105 -7.774 1.279 2.891 -8.702 2.594 2.861 8.612 -1.621 0.246 0.591 2.543 8.820 1.461 -2.902 -0.669 0.140 8.487 4.648 0.113 5.622 0.997 9.128 -7.516 3.525 9.304 -9.379 7.821 3.359 5.889 1.234 1.424 -6.432 -6.572 -3.214 -7.573
4.809 -5.119 -1.465 1.052 3.400 -6.401 -5.693 1.920 -6.789 1.330 -5.937 -1.334 -1.258 -7.840 2.196 9.812 -7.924 9.188 -3.444 -7.910 3.106 4.604 9.672 -6.651 3.150 5.403 -6.516 -1.936 -6.876 7.158 6.767 -3.720 -7.492 2.031 -9.394 6.624 -9.172 -9.574 -7.535 6.343 0.778 1.024 -9.289 -3.012 -9.217 -0.513 -2.321 2.607 -7.840 8.325 4.800 -8.199 4.518 -2.700 1.031 2.295 -4.522 -7.197 -2.727 -0.039 -7.464 -7.594 9.070 -0.605 1.049 -0.029 -6.899 3.985 -1.831 8.216 -0.799 -5.627 5.675 -4.106 4.659 -1.687 1.662 -9.594 2.472 -9.799 -0.950 8.183 8.178 2.686 4.966 8.539 -8.722 -2.533 -7.257 8.425 -8.199 -7.920 2.187 9.919 -8.081 -3.702 -5.190 -2.064 -9.362 8.955
-9.279 -1.643 9.604 -7.667 -2.246 4.412 -4.564 4.643 3.808 -3.912 -2.127 -3.088 9.260 -0.833 6.574 1.499 -6.796 6.783 5.137 3.425 -0.815 8.060 -7.229 -0.261 -4.804 1.295 -1.933 3.618 -4.716 -9.231 8.456 -0.392 8.328 5.441 9.134 1.034 2.049 -5.620 -5.789 -3.881 -3.175 6.821 -7.162 -2.123 3.540 0.034 8.883 3.836 6.951 8.826 -8.545 -6.638 -9.716 -2.212 7.578 7.393 -4.733 -3.006 3.235 0.583 9.766 -0.236 -3.567 0.691 4.028 7.153 -4.721 6.523 -0.148 7.021 -8.025 -6.860 8.885 2.314 9.373 -3.280 -1.463 1.145 -5.927 1.087 -1.353 -7.761 1.459 -8.020 1.979 -4.861 1.277 -8.178 -3.573 -4.071 -1.950 -6.470 -8.939 -9.479 -5.163 1.981 -1.328 -7.664 -3.436 -8.180
2.803 2.705 -3.047 -7.858 -6.523 -1.168 1.101 2.497 -5.314 7.643 2.470 -2.488 8.475 -9.611 -3.014 -5.060 8.022 -6.314 -1.533 -0.581 3.254 1.479 -3.549 1.100 1.821 0.943 -2.427 -7.750 8.072 -5.066 7.880 -1.290 6.530 -3.230 5.330 9.051 5.799 -6.115 5.459 7.838 5.122 5.367 4.158 -5.821 -8.306 0.737 4.637 3.228 6.349 0.969 -5.962 3.869 -9.191 9.452 -9.856 4.536 -0.415 7.160 -6.897 5.396 -7.418 -0.147 -8.045 8.946 -3.849 0.325 6.125 -8.983 -7.393 -8.762 5.139 7.699 7.083 7.784 -8.482 4.007 6.463 -2.529 -5.791 -4.002 6.455 3.356 -2.743 -8.963 -9.395 2.277 -1.776 2.665 -0.814 -9.889 -7.805 6.729 8.723 -7.832 -2.056 -9.645 2.128 -2.837 -8.770 2.635
4.008 5.176 2.963 3.854 6.609 -1.327 -6.935 8.394 -6.433 8.146 -0.099 2.334 -7.028 5.007 -5.373 4.175 -0.141 -3.711 3.328 9.885 -6.101 4.873 7.215 -0.495 -3.207 1.621 0.650 9.522 -3.218 8.363 -7.349 -5.693 -7.967 -6.863 -8.384 -2.737 2.626 0.448 1.513 5.413 9.502 1.582 -0.787 -3.345 -3.208 -3.744 9.261 -9.764 3.497 -2.584 -8.735 9.125 8.716 -4.307 3.318 -6.508 -8.000 4.446 -0.525 0.384 0.886 7.349 5.320 -7.806 -0.809 -0.260 -1.276 1.076 -6.094 3.026 -6.629 3.986 9.414 9.768 -6.334 9.389 6.071 8.960 -5.071 3.053 -4.013 -8.447 6.220 1.354 -9.489 -6.909 -5.131 1.826 1.261 -9.080 1.275 -4.276 7.840 9.177 6.602 -2.905 8.681 -2.342 -3.684 0.122
-1.780 7.951 -0.299 -0.169 7.561 6.892 -1.565 -0.722 6.204 -9.439 -5.656 -9.918 -3.513 5.393 0.836 8.679 -5.806 3.307 -2.234 4.324 8.334 -5.990 -6.523 -5.148 -5.861 -6.150 7.723 -0.436 0.906 5.104 -3.094 -5.313 -5.646 6.696 -0.834 5.835 2.844 0.056 2.528 1.549 -6.929 -8.535 6.548 -6.144 5.804 2.507 7.831 5.118 1.447 -9.630 0.394 -8.391 -9.079 -5.979 -5.248 -2.711 -5.749 2.042 9.052 6.021 6.295 9.907 2.551 -6.876 -8.062 6.354 -4.753 -6.066 -0.224 3.313 -8.695 -8.895 7.268 -6.375 -0.612 -5.163 -8.951 -9.488 7.265 8.081 -1.346 -6.511 -2.212 -4.311 7.284 -8.369 -8.284 2.871 8.070 2.074 -1.968 -7.188 -6.222 6.266 -5.909 -7.912 8.463 -5.695 -2.312 6.888
4.658 -1.812 8.215 -3.299 4.384 9.326 3.098 2.116 -2.688 -4.291 -6.455 -5.249 -4.710 8.492 -2.309 5.737 1.988 3.341 0.501 3.837 1.625 1.846 -4.565 -8.060 -0.416 -3.429 1.492 -2.486 7.578 -3.774 -5.177 -7.683 2.780 -8.177 -5.974 -3.608 6.309 3.591 8.631 7.057 4.984 -6.229 -9.449 5.233 -2.227 -1.235 -9.145 7.128 -1.491 -2.092 -7.587 -5.731 -6.198 -0.651 -6.117 -8.010 6.068 6.778 3.723 5.196 7.637 0.524 -5.927 -7.458 3.537 5.528 7.457 -6.497 1.900 4.013 -7.423 9.701 0.375 -6.395 -4.019 6.516 8.643 -1.455 8.176 4.386 -2.177 -5.399 -4.911 4.060 -1.144 -0.046 -7.144 1.950 7.343 -0.523 6.373 6.921 3.261 1.828 6.397 -1.143 -0.044 5.627 -7.529 8.255
-4.952 1.258 -3.801 -1.488 4.303 9.943 8.934 -9.621 4.988 -3.111 9.737 0.832 7.495 -1.380 8.187 -4.176 -8.817 -9.828 -9.786 -8.940 5.895 2.333 -9.045 -7.681 6.754 -5.926 -0.004 -6.577 1.705 9.383 -3.425 7.220 1.486 2.644 4.961 6.543 -9.618 8.585 -7.424 2.351 6.777 -6.220 5.481 -0.825 5.931 -2.652 0.246 3.002 -3.158 -9.882 3.546 -8.998 -3.289 2.762 6.755 4.780 0.135 -9.776 -7.971 -0.095 2.783 5.524 -9.692 1.090 -7.109 6.871 5.322 -0.828 9.885 3.172 8.269 -5.107 -4.666 8.088 -9.143 -3.042 7.210 4.036 -4.740 -8.575 2.468 0.521 0.235 0.623 6.182 -6.329 3.915 4.117 -2.732 7.169 -9.066 -4.716 8.707 1.442 -6.209 -0.899 -1.405 -2.324 4.614 -4.956
7.221 -3.972 1.874 7.944 8.905 -6.887 -6.726 1.537 -2.521 8.710 -6.150 -3.064 7.485 -5.765 3.018 -4.627 -6.400 0.090 -0.566 -0.859 3.573 -6.156 -4.620 7.638 4.075 1.872 8.381 1.236 -0.702 5.210 -2.947 -9.010 1.724 8.548 -2.362 -0.035 9.515 5.551 4.569 -7.382 -9.687 9.137 4.112 -9.525 -6.131 3.489 0.713 6.479 2.765 -3.330 -4.897 -6.709 -3.696 -0.315 9.048 -0.926 4.978 -0.918 -6.928 -0.459 -6.179 -2.005 2.153 8.640 2.389 -1.834 0.765 -3.641 -4.349 6.306 1.969 3.826 -1.654 1.524 -5.085 0.967 5.672 8.116 8.494 -7.145 9.731 7.578 -4.190 -7.806 -5.854 -5.717 8.058 -3.798 -4.029 -0.993 -3.762 -2.855 -2.589 -4.393 -5.496 -8.605 -5.251 7.390 6.589 6.795
6.147 -8.936 -5.973 -6.457 -2.538 7.984 2.626 7.197 3.575 -2.392 -6.364 4.633 -7.081 -8.673 3.123 -3.219 0.085 5.365 -2.098 -1.705 -3.661 -5.619 -8.464 9.046 -9.951 -4.590 0.685 -0.644 1.680 9.695 9.560 -5.452 -8.396 -2.860 -2.037 -8.854 -1.256 8.743 2.223 3.426 -0.766 3.161 -1.858 3.394 -2.742 2.702 -7.980 8.436 0.740 -8.856 8.585 -7.541 -5.478 1.185 1.309 6.113 7.778 -5.984 -0.994 7.048 -3.514 -7.024 7.270 1.606 -8.576 -3.679 -6.610 4.651 1.262 8.371 7.078 -1.275 7.250 0.067 -1.492 3.126 5.802 0.854 0.900 -4.059 1.163 -5.956 7.798 -4.004 -2.389 3.319 6.379 7.538 -5.269 -6.985 2.010 -9.162 -4.042 -9.465 -6.484 4.798 -8.470 9.824 -1.714 7.411
-0.342 1.855 -5.833 0.612 -3.816 0.142 -7.240 -0.771 -8.308 -9.386 -3.355 -0.640 -6.437 -0.124 -9.363 -4.928 -9.245 -7.701 7.608 -2.137 6.135 -8.677 -9.791 9.772 7.709 -0.427 -2.844 -9.565 -6.005 -8.678 3.363 -3.068 4.279 3.613 6.409 0.290 -7.128 -7.305 -0.296 -7.677 -0.814 1.205 4.956 -3.935 -2.820 4.776 3.072 -3.001 -9.906 -4.855 0.922 4.453 3.602 8.774 -7.663 8.089 3.652 7.319 -9.769 5.432 7.711 -8.985 -4.816 -2.353 -5.710 9.277 -1.859 6.418 -0.763 -9.878 4.041 8.126 6.127 1.063 1.328 5.224 -4.028 0.608 6.035 3.767 5.605 -3.540 5.452 2.011 1.287 -6.425 9.395 -8.236 4.329 -3.590 6.711 -5.733 7.572 3.047 -1.069 -8.303 -3.820 6.620 5.102 3.888
-9.884 4.469 -6.006 8.041 2.330 -0.423 3.525 -3.523 6.393 2.607 -0.464 0.113 -4.416 5.352 6.899 -3.660 -0.706 9.394 2.223 -2.034 3.045 2.023 -5.469 0.199 -8.382 2.914 1.263 0.060 5.137 8.885 7.518 8.548 0.429 5.877 6.475 -6.194 4.144 7.646 -3.571 -5.344 -8.414 1.894 -7.231 -6.517 -3.111 2.014 1.254 -1.483 -7.744 -5.162 -7.518 9.451 -7.336 0.545 1.974 -9.446 3.472 0.437 3.222 9.351 2.181 -9.013 -0.919 -6.536 -9.855 2.981 -9.943 -0.657 7.022 -7.386 -4.057 -8.114 -8.391 2.461 -7.363 -0.640 -7.236 1.409 2.437 8.267 8.983 6.926 6.725 0.225 1.048 -6.628 3.304 7.659 6.185 5.640 -9.917 -6.111 2.605 -3.429 4.932 -8.474 -2.541 3.508 4.685 3.066
2.131 6.765 -7.389 -8.780 5.413 -9.413 -7.643 -0.486 -6.084 7.860 2.405 7.751 -1.093 -1.289 4.732 -7.085 -5.202 -0.813 4.231 6.584 6.652 8.782 -4.436 -3.612 9.424 -2.240 -2.689 9.502 0.855 7.156 0.747 -2.662 9.642 -4.910 2.818 -9.959 9.910 -2.474 -2.881 -2.372 -7.363 -6.785 -6.832 -4.612 -3.449 -3.999 1.430 7.520 1.469 -0.855 6.774 1.539 1.540 0.498 8.577 -0.615 -3.346 -9.567 4.403 -7.698 6.675 2.442 -3.216 9.118 -5.720 1.260 1.292 -4.366 5.112 0.515 8.213 -5.061 -3.446 -1.601 -2.200 5.313 -4.774 8.160 1.031 -3.040 -7.738 -3.840 0.547 9.760 -2.691 9.851 7.084 3.052 9.830 0.841 -9.485 -3.831 -3.119 0.734 3.412 3.272 3.569 2.110 -6.192 0.073
-8.673 2.157 -6.239 -0.143 -9.002 -2.204 2.075 8.515 6.157 3.714 -9.122 -7.005 -0.004 -7.287 -5.077 0.332 5.216 9.410 7.934 2.753 2.787 -7.149 0.345 5.180 6.366 8.662 -0.181 -4.743 6.195 -1.124 6.400 -0.687 -3.038 8.342 3.133 6.794 2.067 -9.760 -3.403 -6.125 1.592 -1.462 -0.557 3.538 -6.818 -7.796 -6.522 -0.161 7.569 2.826 -1.040 -7.121 -1.050 3.021 2.236 5.741 -6.248 8.995 -7.831 -3.885 -1.009 2.142 1.916 -3.364 3.012 -5.830 9.641 -4.647 8.150 -0.244 -7.528 -5.330 -6.481 -6.984 -3.074 -6.696 8.968 -6.452 8.935 6.079 6.983 -2.033 -0.662 -2.269 4.738 7.796 2.219 -4.210 -8.994 -1.705 -5.300 -7.931 -4.778 -1.959 5.295 5.185 -7.959 3.132 0.960 -7.230
9.243 -3.792 -6.171 6.574 9.181 -1.419 -3.463 -2.937 1.690 7.090 -8.657 4.486 9.247 2.643 -7.612 -6.190 -4.680 6.545 2.270 8.437 -2.726 2.392 -2.059 -9.722 -0.318 1.792 -3.543 -3.009 0.306 -2.287 -5.518 6.702 -0.321 4.784 3.195 -8.367 8.639 -2.688 3.857 -6.843 -6.223 3.695 -8.539 2.418 5.374 -6.380 -4.428 -2.968 9.122 4.869 1.209 -8.455 2.965 -9.665 -0.222 0.947 7.141 -4.272 -4.291 -7.146 -5.518 8.203 3.973 3.554 -2.256 2.958 2.078 -1.947 8.820 3.741 -1.267 -1.475 -8.319 -3.436 -2.356 5.954 -9.136 5.610 -2.105 -5.062 -5.101 8.280 9.412 4.428 -4.077 5.493 5.646 -9.373 8.571 -6.089 -2.270 0.404 -6.939 -3.047 -3.056 3.498 1.928 -6.732 2.972 7.862
-8.541 7.776 -7.754 9.829 5.164 3.870 -2.514 1.096 -4.641 3.745 0.825 3.527 -6.007 -1.590 6.565 0.119 4.380 -0.972 -1.495 -7.860 5.327 7.594 1.452 0.012 -5.064 6.768 -1.315 -9.374 8.584 9.456 -1.812 5.464 2.782 9.955 7.800 -9.686 6.552 -6.396 6.765 -3.088 7.053 -7.008 8.012 2.746 4.698 -5.760 -0.898 4.547 -9.788 -3.079 -3.481 -5.465 -3.731 8.327 6.909 -0.929 0.614 -6.805 6.935 -7.731 8.031 3.249 5.661 9.757 -8.772 1.769 -1.988 -1.655 4.222 -4.498 4.346 0.434 4.596 -9.658 -6.792 7.987 9.587 -9.098 -5.753 -2.107 -7.547 -8.825 6.131 6.828 6.822 4.101 2.082 -6.166 9.533 1.751 -0.172 6.169 1.395 8.412 5.545 -1.406 -2.518 1.301 -8.966 1.854
-1.845 -7.585 -6.345 9.411 2.805 -2.431 -1.470 -5.229 -3.889 -3.131 1.150 -9.878 5.123 -2.890 -4.996 7.354 0.850 -6.409 -4.048 -7.113 -7.519 1.258 -2.544 -9.914 -6.777 3.192 -9.844 8.536 -5.779 -7.702 3.252 9.733 1.409 5.297 6.593 3.627 -1.354 -9.659 -7.364 -5.753 -9.541 -6.669 4.316 -3.345 -5.238 -5.280 4.351 -7.349 -6.509 1.419 -8.151 -6.333 4.102 -3.364 -8.562 -6.887 -6.894 6.760 2.470 7.370 -8.136 -4.270 -6.197 4.485 -3.938 -5.033 9.101 -4.474 -2.627 -5.933 6.151 -7.359 -0.652 -6.916 -8.038 -1.184 4.720 0.607 -3.409 -0.073 -2.466 -6.067 -7.314 -5.004 -3.309 -8.485 -6.116 -7.210 -1.068 9.383 -0.650 3.653 -8.864 -7.828 6.818 -4.430 0.241 4.058 4.434 -7.478
7.223 7.653 2.802 1.365 -9.459 -7.940 -4.569 -4.441 8.294 8.558 4.108 -5.269 -3.851 4.807 0.897 0.094 -5.450 7.736 -6.933 -1.187 -8.698 -5.774 -4.947 3.539 -7.347 4.856 9.022 3.881 6.366 6.701 -9.905 -1.443 -2.646 -7.397 -3.411 -4.001 -0.506 -6.992 0.841 -6.360 -9.151 3.183 -6.679 3.310 5.228 6.223 0.735 2.831 0.757 -1.038 3.474 2.208 5.765 -7.844 6.857 6.955 -0.743 2.151 2.527 2.115 -0.894 7.375 6.976 8.825 9.011 -3.278 -6.607 8.796 4.201 2.466 3.713 -5.233 -3.885 -0.788 7.181 8.199 1.556 4.378 6.028 8.878 -6.457 -7.825 -6.981 -8.586 4.609 -1.642 2.912 -4.102 -5.595 -0.550 -3.760 0.867 -6.841 -3.261 4.123 -5.177 -6.431 6.797 -7.984 -1.668
4.753 -7.713 -4.458 -4.228 -3.113 5.448 4.412 -0.602 3.809 4.158 9.118 7.064 -8.923 -4.532 5.511 -7.382 3.385 1.004 -5.420 -9.884 7.168 5.915 3.149 -1.514 -0.463 6.224 6.146 7.062 6.843 0.611 9.473 9.922 6.186 2.208 -5.903 -3.817 -2.026 -6.145 -7.984 2.439 6.576 9.048 3.158 9.039 -6.836 -1.182 -2.180 -4.765 -5.024 0.114 -9.928 -9.791 -0.137 2.474 -2.041 4.031 6.269 -7.755 -8.680 -8.007 -9.561 -0.275 7.204 -7.398 -1.012 -7.048 8.275 -2.818 1.297 -5.931 -3.792 -7.787 7.892 5.626 4.227 -6.068 6.420 2.465 -6.878 -1.284 5.736 5.103 -8.942 -4.912 -0.264 -9.597 -1.402 3.928 1.979 2.690 -6.116 -5.927 9.347 2.362 4.489 -3.454 -9.079 -5.960 9.094 -7.226
-3.966 -9.249 -3.656 -6.137 -1.809 -1.267 -7.822 6.673 5.653 -5.285 -1.094 4.157 -8.583 8.855 0.851 6.745 5.730 -6.068 -8.170 8.474 -3.836 7.426 -1.731 1.086 0.772 1.225 8.882 -5.032 6.221 -9.553 -6.254 1.652 5.705 -2.532 -3.418 -1.457 -2.117 -7.826 -9.714 6.565 0.206 -9.166 8.761 -2.937 3.817 -1.349 -3.120 3.998 -4.746 2.762 -1.746 -3.961 -3.356 7.122 -6.106 -6.286 -1.984 -6.508 -8.125 -0.437 8.795 -2.061 -7.541 8.344 -8.760 -8.831 -6.482 2.045 4.413 0.401 7.344 2.975 -5.770 -7.098 -8.754 -4.846 -6.595 6.407 -4.620 -1.809 -4.197 9.114 -3.981 4.055 1.609 1.038 -0.606 -2.130 5.049 9.035 7.519 5.205 -4.718 0.005 -2.514 6.233 -2.529 -5.544 -6.329 -2.735
-4.398 5.488 1.931 -2.600 -7.668 -0.620 -5.929 -6.944 -1.175 -3.661 2.683 5.367 -1.425 0.870 3.687 7.724 -4.641 7.233 -9.752 8.421 -7.277 -2.787 -0.328 6.266 -7.821 6.749 -1.553 7.493 -5.276 4.390 9.905 1.925 2.822 6.674 -4.054 1.993 -0.915 -1.222 -7.116 1.896 1.356 -7.090 3.499 6.282 -0.522 -3.615 -0.832 -3.540 8.307 -2.878 1.865 -0.210 -4.625 5.470 1.678 -6.488 7.768 -3.620 -9.208 8.021 9.021 8.011 4.310 -2.520 -8.690 -3.527 9.203 -0.641 5.671 -3.662 9.218 -7.011 8.078 4.710 6.680 4.806 -9.284 -6.048 -6.270 -5.394 -7.199 -4.925 6.279 -1.979 6.580 0.594 -6.662 2.324 -5.067 -1.455 8.846 -5.087 -3.283 0.828 9.557 -4.553 -8.392 7.713 1.968 -5.886
2.179 -7.884 7.842 -0.260 5.609 -7.804 5.058 -4.922 9.265 5.668 -6.034 1.334 4.355 -1.080 -0.609 -3.704 2.129 4.641 -3.807 3.467 6.937 3.195 1.836 -6.213 9.035 9.734 -2.240 -5.376 4.847 -2.129 4.003 1.456 5.631 -1.539 -4.848 6.343 -4.506 6.845 -3.459 3.027 -6.797 -7.146 -5.280 9.340 -0.778 5.650 7.175 2.511 -2.664 4.963 -2.986 9.861 -6.710 -9.281 -3.267 -3.682 -1.602 7.023 -1.952 -1.411 -4.000 0.154 7.833 -8.240 -6.268 -3.607 9.747 -4.175 -1.191 8.372 9.726 -1.175 3.009 6.576 2.423 -3.660 8.271 2.257 -8.251 -9.829 5.713 -7.170 -0.359 3.622 8.691 1.909 -1.971 6.646 -5.776 -3.666 2.135 1.523 -2.451 5.306 0.639 0.960 -1.517 -8.222 -4.960 -0.603
9.518 3.705 -6.709 6.042 8.032 -6.315 0.421 -7.692 -0.763 8.951 -4.385 7.832 9.623 -0.647 -8.686 -2.314 -9.041 -7.626 7.741 -2.182 6.579 -6.573 -0.213 -5.586 -8.725 8.245 -7.693 8.939 -0.270 3.847 7.594 6.673 -3.151 -2.003 -8.158 -6.689 -0.620 -7.525 -1.552 -5.723 -3.753 4.616 8.251 3.400 8.189 7.457 7.773 4.910 1.414 -0.883 -2.648 -5.691 1.197 6.177 0.199 -4.053 4.243 3.491 -6.979 -0.973 -8.221 -3.457 2.932 4.655 4.773 -3.627 7.366 -2.350 -9.563 -6.960 -5.125 -8.292 5.230 -2.484 2.554 9.768 1.687 7.741 5.909 -0.594 -6.836 -7.178 -6.634 -3.179 -4.431 -4.627 6.572 2.642 -8.245 -3.662 4.211 3.802 5.121 3.747 2.248 2.801 -2.658 -1.862 5.627 -9.446
-1.183 5.326 -9.499 1.093 -4.782 -5.544 3.373 8.419 -8.627 8.094 -7.927 -2.389 7.420 -3.204 4.196 3.516 -4.368 3.139 -5.534 -1.677 8.768 -6.649 5.235 -1.133 -5.130 -0.544 3.772 -9.669 4.548 -9.240 -6.182 8.225 1.105 1.971 -1.024 9.935 9.066 -8.486 2.064 -6.951 4.331 0.407 4.599 -4.746 -6.449 -2.515 -0.595 -3.039 4.259 8.687 5.147 6.903 -7.707 -9.682 8.373 -4.438 -2.020 3.735 -7.499 -2.811 8.852 4.845 0.926 -5.406 -7.667 9.570 8.639 4.400 -6.748 9.551 -7.713 -6.664 1.016 -5.764 -0.326 7.860 7.122 -1.917 -2.156 -4.887 -2.135 -6.036 2.397 8.092 -9.603 -3.162 8.329 -6.680 -8.508 3.943 2.197 0.712 -0.143 -3.328 4.560 -1.418 8.444 0.160 5.529 2.195
-8.005 3.598 -1.637 1.471 -6.757 2.518 -3.404 0.134 -5.404 4.547 2.196 -4.537 -8.355 9.489 1.026 6.930 -3.184 -2.919 -4.647 -5.743 -3.099 8.716 -5.060 8.932 8.782 -4.901 -2.280 2.020 -9.215 -0.684 9.355 -7.974 9.530 -9.767 -6.994 9.370 -8.756 7.596 -1.973 6.302 -8.634 4.449 7.450 3.046 4.592 -4.647 7.618 0.198 -5.672 -9.807 -5.061 -7.783 9.701 -7.047 6.235 5.046 9.933 6.322 -8.610 9.643 3.339 5.389 2.593 -3.493 -0.034 3.182 -3.486 4.728 8.314 9.438 6.324 -8.273 7.666 -2.286 4.742 -0.761 -4.243 7.714 -2.316 -6.240 4.359 -3.310 -8.563 -4.890 2.107 2.010 4.100 -9.333 -1.458 -0.054 -2.845 -0.384 -7.944 -2.731 3.059 0.561 2.884 -6.572 6.290 -1.824
-6.365 -0.328 7.186 1.559 -6.029 4.100 -1.964 -4.492 -4.533 9.136 -1.987 -5.767 -5.565 9.595 4.212 -3.761 9.195 -1.531 1.731 1.093 -0.465 7.826 -6.100 -3.771 -6.685 -8.645 6.081 3.946 1.426 4.997 3.657 2.088 9.667 4.849 -8.780 2.508 6.102 -6.851 -2.990 4.478 -8.417 -3.866 -3.182 3.172 5.930 9.329 -3.335 -6.123 -2.012 -1.376 3.890 -1.209 -9.806 1.192 3.723 -6.437 -9.528 5.234 6.817 -3.170 -8.754 -1.751 -2.149 -3.079 -1.999 9.763 -3.427 0.738 -3.793 9.509 1.787 0.741 -9.609 -5.187 1.497 -3.839 5.110 -8.035 1.895 -2.838 -7.709 -9.467 -3.369 1.764 0.699 -5.053 -6.508 3.554 -7.985 4.120 -2.838 -1.235 8.995 -6.112 0.713 -4.100 -9.508 2.455 -8.436 3.501
6.376 -3.012 0.757 3.924 2.408 -5.857 7.705 -3.211 -5.554 -5.364 7.746 -8.227 7.773 -0.645 -9.035 -7.683 -1.954 -6.599 -7.885 6.746 -6.659 -2.545 -4.349 -8.711 8.955 6.081 -8.987 -5.240 -6.989 -4.458 9.230 4.348 2.230 -7.635 9.758 -0.056 3.339 -8.742 -8.643 0.780 -7.688 -8.815 9.042 6.342 4.788 -2.287 6.049 -9.870 2.577 -3.488 0.970 -3.458 8.844 -8.495 -7.263 -9.754 7.052 2.605 1.728 6.678 -1.291 8.888 -1.356 4.040 -8.592 3.163 5.693 3.600 2.368 6.094 6.568 -7.331 -0.894 -9.811 0.864 -3.339 -1.146 -3.405 -1.553 -8.464 -1.220 1.502 -2.144 -8.060 -3.076 8.863 -8.626 1.448 -0.478 3.590 -9.306 -8.907 4.451 9.166 -8.161 -2.409 7.275 0.301 4.795 2.866
2.588 -5.772 5.321 0.305 -3.263 -8.333 -7.386 3.228 -7.332 -0.163 1.172 -1.735 8.559 -2.087 -3.349 1.486 1.000 4.477 8.870 -3.882 6.162 9.152 -5.744 2.600 3.641 4.992 4.317 -4.886 5.103 0.392 9.649 -8.193 -9.936 -2.786 1.124 -9.559 -6.329 -3.820 8.950 -7.266 -8.576 5.372 9.136 -2.820 3.985 -1.293 0.504 6.625 -8.124 2.607 3.876 2.989 9.998 -9.575 9.500 -0.281 3.233 -8.130 -5.528 -3.736 -6.014 -0.042 -3.144 -1.366 -0.720 -0.328 1.327 -0.142 -2.034 -8.118 -0.864 -4.992 2.427 0.028 -2.254 -1.479 0.591 -8.620 1.624 3.032 -5.270 -5.904 3.479 -8.822 -7.516 -6.510 2.167 -7.471 1.131 -0.215 1.724 8.441 -7.890 -2.616 0.289 -5.055 0.709 -5.715 -0.719 -3.758
-2.324 -1.753 5.806 9.008 6.911 -4.684 -8.642 9.651 -5.114 6.529 -3.684 0.649 9.009 2.300 -8.879 -3.426 9.245 0.584 -5.667 7.741 -6.840 -1.685 -2.001 -9.845 1.903 3.548 -9.638 5.061 3.432 4.239 9.233 -7.810 5.476 8.365 2.887 3.308 -7.219 6.681 3.571 6.009 -2.173 -4.344 -3.249 6.676 1.554 -6.414 -3.336 -5.813 7.154 -5.808 -8.625 5.697 7.211 -2.258 -5.142 -9.171 0.562 -1.460 9.013 -5.401 -9.196 -5.258 -8.918 0.323 -5.827 -5.079 -1.975 -2.442 -4.583 -5.003 0.124 7.229 3.870 -8.158 1.597 8.500 -3.520 7.054 9.864 -5.560 -3.017 -7.578 -7.518 -8.588 1.125 -8.603 -0.934 -7.328 -0.063 -2.230 4.911 -2.138 9.333 7.414 3.994 -4.539 -8.631 1.151 4.583 -5.587
-6.924 -6.916 -9.149 -9.917 -3.159 2.325 -1.662 -0.730 3.103 -5.934 9.218 -2.181 -2.211 -8.503 -6.863 5.881 -4.643 8.945 -9.846 7.303 -5.596 2.530 8.240 -5.534 9.061 6.634 -5.693 -1.723 4.596 7.310 4.661 -1.452 -9.852 5.057 -9.600 -3.927 3.854 5.717 -4.735 -1.542 3.342 7.976 -7.053 -1.208 -0.966 2.501 2.930 -8.103 0.400 6.762 5.828 -9.354 3.276 9.678 -3.801 1.845 1.680 -9.390 -4.284 8.356 -6.381 -0.476 5.775 2.315 0.256 5.583 -0.988 4.174 6.700 -5.827 8.540 -9.848 -4.247 3.518 9.392 -2.939 9.033 -9.423 1.023 4.905 -8.346 -2.827 1.392 -9.861 6.392 -1.680 -6.288 0.600 3.071 4.934 -5.720 7.760 -4.735 -5.733 -5.995 -2.402 -7.661 4.899 -5.441 7.435
9.421 1.008 5.548 -1.998 -1.705 -4.781 -3.605 9.315 2.591 -5.750 -6.392 -7.967 7.295 0.002 6.465 5.873 2.334 -4.398 -8.728 -6.168 2.425 1.725 -9.362 -6.188 0.816 -4.563 0.182 3.023 2.033 -6.859 -0.510 0.406 -8.121 -5.483 -0.883 8.549 -3.242 -9.846 -2.976 -8.317 -5.090 1.281 1.422 4.856 -5.118 9.775 5.101 7.142 -4.071 7.181 0.707 -3.287 -4.761 -4.512 6.045 2.372 -5.043 3.099 7.311 -5.870 5.468 6.921 8.002 8.994 -5.278 9.181 -4.859 3.116 3.148 2.780 -6.688 5.593 5.605 1.345 -8.577 1.356 5.067 -1.636 -8.035 4.026 -7.065 1.734 -5.165 -8.631 2.431 -4.637 0.440 -5.760 -3.452 1.322 -6.832 -4.992 2.238 -0.055 7.632 -0.558 4.982 -0.130 4.536 -3.453
-3.182 3.338 -4.348 -5.246 2.466 -4.760 -2.115 0.958 -6.114 1.891 2.074 1.407 -6.065 -7.020 9.783 -8.173 -0.152 6.266 -2.381 -0.294 -3.729 6.377 -8.854 5.635 -2.994 8.705 -2.069 -9.500 1.623 -9.716 -0.469 2.395 -5.923 5.932 -0.468 4.104 -2.859 8.669 2.276 -6.043 1.431 -1.343 0.262 6.332 -3.947 -4.957 -0.633 8.496 9.755 -5.944 -5.856 8.053 -9.321 -8.334 -7.627 -2.130 2.684 4.485 4.588 6.553 -6.506 -0.201 9.116 -8.828 -7.387 0.287 6.478 -0.046 -9.950 2.945 2.840 3.646 9.748 -6.779 8.268 9.857 5.935 -3.056 -5.972 8.481 -7.259 8.318 5.774 3.240 2.693 6.239 -4.251 7.782 2.224 0.603 4.936 -8.135 -2.411 4.379 1.672 0.167 -5.292 9.551 1.059 -4.070
-6.985 0.022 -4.629 -4.974 7.778 -2.580 5.645 -5.540 7.078 -3.811 -8.193 -3.166 2.624 8.643 -2.681 -8.221 0.521 -7.448 -6.432 -2.797 -0.273 -7.098 -1.401 5.575 3.397 6.198 -6.555 -6.740 -3.800 -6.154 3.296 -3.040 1.944 -9.006 -2.150 -2.993 -0.553 7.182 -8.885 7.002 0.803 6.687 -7.246 5.367 -5.948 0.451 -3.700 9.605 9.495 -2.130 -9.072 8.147 -6.326 -4.008 -9.350 -6.284 -5.102 -0.233 -0.374 4.909 -4.764 5.928 4.844 -9.064 -6.503 4.213 4.309 1.412 8.692 2.436 -3.490 -6.175 -9.664 1.381 -4.522 0.816 -6.816 7.212 -1.950 2.603 7.184 7.910 -9.114 -6.325 1.929 -3.576 -7.572 3.154 -5.537 -4.429 8.090 -6.773 2.134 7.531 3.744 5.381 -3.883 3.122 -3.952 0.327
9.233 -0.837 -8.014 -7.502 -3.970 5.061 -0.499 -5.456 -1.817 4.039 3.602 8.430 -8.205 0.641 -3.434 3.552 -6.637 7.764 6.418 -9.156 -8.458 -7.292 -4.323 -5.509 4.031 -9.665 -6.798 1.831 -3.521 5.564 0.830 1.894 -6.840 7.340 6.323 0.957 -0.853 2.161 -6.227 8.421 -5.116 -7.405 -5.915 7.655 5.209 9.362 -2.103 -8.815 -9.335 -4.200 3.412 -7.613 -9.255 5.583 -0.818 7.649 5.286 -6.811 0.646 9.709 0.310 4.016 0.486 2.485 -5.953 -8.279 7.467 -2.553 5.502 -9.010 -1.913 2.496 -5.882 -9.447 8.297 -6.492 2.310 6.864 -7.301 9.560 -9.602 -0.096 -1.724 -5.053 -1.332 2.774 -9.111 6.963 -7.862 8.540 6.840 -7.689 -7.904 1.114 -3.468 2.379 -2.517 5.570 -1.429 2.760
2.047 4.917 4.967 -7.762 -5.498 -7.482 -4.062 -6.145 9.049 -2.578 8.538 -0.968 -4.219 1.469 -2.982 -4.607 -2.494 1.194 -9.506 0.177 -5.421 5.098 5.480 2.503 -8.260 -1.133 5.491 1.784 -5.778 4.668 0.111 1.154 -9.383 0.409 7.079 -4.728 4.442 1.558 -8.527 -9.190 -7.289 -5.295 -6.610 -9.583 9.902 -7.647 2.815 -2.771 -7.220 -8.231 0.261 3.757 -3.005 -0.967 4.250 -9.764 -1.991 -0.263 -5.801 1.122 -6.556 7.824 5.496 -3.427 -2.003 -2.694 -5.009 6.996 -2.155 -7.978 -1.837 5.921 4.396 6.537 -7.901 4.818 8.161 5.751 7.671 2.329 -6.812 -6.531 -7.428 -6.429 8.881 1.577 0.558 -5.883 4.755 3.031 -4.405 -4.672 -5.057 7.562 -0.850 6.358 -7.241 2.900 0.039 6.388
-8.414 0.424 -6.865 6.619 -4.492 -8.515 8.179 -8.988 8.110 8.574 -3.408 9.045 -8.503 8.741 -4.222 -5.916 -0.440 5.698 9.138 2.421 -7.748 5.857 -8.227 -1.585 2.019 4.061 -8.701 4.108 -8.154 9.819 0.210 8.698 2.623 -6.384 5.710 -3.824 -0.049 -9.343 -9.816 -6.126 1.214 -6.191 3.959 -6.753 7.457 5.717 -4.232 4.230 -6.811 -1.739 -0.604 6.140 1.760 7.506 9.748 -3.248 5.068 9.914 4.183 -8.500 0.371 9.005 1.326 -4.113 -5.846 -8.017 7.969 1.535 -0.083 2.432 -6.074 7.756 -4.098 -0.870 1.182 9.280 7.556 -7.250 -1.223 5.184 -9.944 -4.154 0.332 -8.158 -8.944 0.834 -6.946 6.221 -8.179 5.489 -1.321 3.484 9.205 -1.232 2.225 0.147 -2.834 -5.269 3.761 -4.328
5.458 4.850 -2.981 -9.489 -0.214 -7.647 -6.912 1.028 -5.540 4.871 -4.627 5.841 -5.990 -5.366 -4.307 -6.191 9.831 3.335 -6.154 1.869 -5.855 0.618 -3.212 -9.469 -1.152 5.651 -6.880 -8.942 -6.469 1.398 -0.218 -9.737 -3.813 1.869 -0.986 5.564 7.998 -7.623 -0.350 6.964 3.051 8.134 6.757 -5.222 -1.669 -7.082 9.375 -9.232 9.571 -6.827 -5.174 -1.759 7.844 7.494 -4.001 -2.125 -7.041 0.697 -1.742 1.246 8.063 -0.701 -9.503 -6.338 -6.000 -0.853 -9.857 9.762 -7.376 5.488 2.139 6.944 -7.009 3.011 1.346 -6.085 0.587 9.669 -1.630 -8.408 5.414 -1.819 -3.253 -9.054 -5.390 1.536 -7.025 0.626 9.011 -5.543 4.719 -6.856 -7.511 -3.552 -9.748 7.086 -6.451 -8.443 -6.276 5.427
4.089 -7.933 7.969 6.128 -5.435 -1.837 0.861 -2.376 3.676 6.911 -8.586 3.531 6.170 1.914 -2.309 2.440 -8.253 2.612 -4.570 -5.557 6.916 -2.391 -1.358 8.623 3.878 2.875 9.672 -6.683 -2.458 -8.505 5.505 3.529 6.350 -4.782 -4.024 0.553 9.223 8.705 -8.582 6.305 -3.006 -6.048 2.044 -3.191 -1.297 6.155 -4.677 9.082 6.688 7.290 -3.513 9.853 -1.268 1.241 -4.903 -8.331 9.900 8.357 -2.258 2.043 9.598 1.891 3.022 -3.834 6.045 2.445 3.399 6.221 -3.190 3.756 -2.309 -6.805 6.272 1.165 -9.059 -2.059 -8.414 7.192 0.516 -3.073 -7.667 7.174 -0.800 -0.845 2.418 -1.824 -2.673 4.515 -4.528 8.043 8.548 -9.133 -3.997 -5.319 2.652 -3.872 -0.460 -8.078 7.250 -3.885
-0.707 0.255 -0.446 2.458 -9.753 8.413 -2.823 2.295 -7.137 1.242 -0.491 -8.587 1.705 -1.779 5.438 -5.665 4.768 5.588 -5.512 4.724 -6.692 -7.520 6.790 -0.725 -3.246 -4.803 0.099 -2.117 1.180 -2.070 1.484 -2.161 -8.552 7.588 -6.036 2.851 0.695 -8.603 4.691 -8.845 0.545 -1.304 -3.140 -7.249 -4.970 -6.642 6.692 7.220 1.141 -2.900 -0.211 -5.089 -3.468 -4.117 -2.918 -1.023 -6.516 7.507 -5.782 -1.327 -0.599 6.976 -7.238 1.095 -2.256 -0.131 6.775 -7.082 -3.709 -3.944 8.336 0.239 -3.038 -1.636 -8.734 -2.030 6.939 -3.814 1.393 -8.225 -0.732 -7.204 -2.985 8.405 8.055 4.799 6.239 4.753 -4.551 -6.321 -9.426 -5.170 -1.670 -9.874 -5.195 -9.592 -5.775 3.797 -8.165 -6.582
2.902 7.707 5.249 -1.719 8.462 7.817 0.772 8.851 0.778 6.078 -0.400 7.115 -2.428 -6.606 0.976 -1.245 6.923 -1.111 -6.653 2.057 -7.374 -2.202 8.345 -1.903 3.702 -4.225 -8.353 4.592 -2.715 -0.251 -5.681 -3.665 -0.725 4.724 7.450 8.768 -5.816 5.125 -5.398 8.383 -5.936 -8.468 -2.283 6.863 6.287 -4.850 2.606 -8.425 6.406 -3.401 -5.704 1.201 5.288 -7.355 -4.184 -1.928 -8.259 8.853 9.906 -9.994 2.488 -9.284 -8.090 3.166 1.177 1.297 -8.728 4.623 -7.369 -7.825 -9.311 -0.715 5.175 -6.523 6.929 7.636 0.847 9.770 7.425 -7.605 -0.440 7.555 -9.366 -9.173 -4.973 4.314 1.665 -0.667 9.321 4.501 2.614 -5.081 3.922 -8.002 5.941 -1.706 -0.017 -0.062 2.048 -7.755
-7.878 -0.365 6.794 4.853 -1.217 -9.102 -6.449 6.955 -4.601 -9.833 -0.121 -1.972 -7.203 -1.844 7.084 3.096 8.854 6.677 -5.139 3.408 2.074 -4.977 -8.020 8.589 -0.446 -0.141 -6.815 -6.310 -6.314 8.111 4.361 4.108 6.384 5.952 3.693 -4.057 -0.517 -8.049 8.206 -0.719 1.506 6.356 1.126 4.367 0.511 4.627 -2.519 6.246 -7.527 3.132 4.542 8.593 -4.397 5.846 3.832 -1.262 7.805 -3.846 -6.887 8.264 -2.242 -1.689 0.542 2.048 -3.034 -2.717 1.927 7.429 2.958 8.825 -8.973 5.273 -5.283 -4.084 9.511 -3.424 7.215 1.953 3.220 7.233 2.610 6.663 5.137 -0.380 5.644 9.227 -8.874 -0.183 -7.988 -8.486 9.196 4.732 -8.609 5.609 5.210 -6.325 -8.646 1.390 4.543 -2.712
3.731 2.998 7.075 -5.635 -8.553 7.797 2.398 -1.106 -2.688 9.553 -3.539 -3.928 -3.690 6.593 -9.521 1.789 -8.896 -3.087 -0.190 -3.612 -1.655 -6.626 -1.307 -6.367 -6.176 -6.903 9.363 -6.710 3.939 5.211 1.682 -1.928 -6.681 -7.937 7.287 5.226 5.549 4.505 -5.969 8.479 -7.037 0.726 4.207 -2.990 2.815 -2.981 -9.236 -0.155 2.039 -7.728 -8.931 8.945 2.992 8.196 2.155 1.784 9.307 3.580 -6.844 -9.891 2.796 0.587 7.729 -3.427 5.229 7.369 1.655 -1.237 4.060 -0.295 4.800 3.142 0.575 0.914 -9.804 -7.205 4.082 -1.596 4.429 2.611 -1.538 2.705 1.453 -9.382 0.274 5.369 7.528 5.635 -7.847 7.858 -2.140 5.755 -2.753 3.516 -8.000 4.007 -5.581 -6.949 -8.898 -4.153
2.467 3.074 9.914 -0.875 6.234 -4.649 -0.932 -6.350 -9.207 0.370 2.524 -7.841 1.763 5.849 9.540 -9.483 0.311 3.487 -8.042 0.369 1.347 -5.671 9.041 -0.978 6.499 -0.384 5.617 5.740 3.048 -1.230 -5.933 -0.554 5.056 0.897 -7.446 -5.327 -3.205 5.323 -8.243 2.222 -7.186 0.090 7.893 6.426 -8.756 -1.740 2.875 -6.848 -4.400 -4.551 -9.183 -3.345 -9.736 9.618 -3.762 -7.597 -0.036 -9.599 -7.928 8.621 7.446 2.216 -7.960 3.151 -8.734 4.010 -6.992 6.491 7.999 8.150 5.161 9.727 9.505 -7.540 5.380 0.895 5.732 -8.217 -9.267 2.709 -0.729 0.892 8.200 -9.776 -9.823 -9.846 -2.363 0.185 -4.841 3.556 2.444 -2.589 0.806 9.854 -4.909 -2.579 9.320 -0.815 7.824 5.748
-1.363 -9.283 0.722 5.730 0.515 2.115 1.430 -1.925 -2.544 -0.262 -7.123 -8.344 5.403 -1.831 2.216 9.611 7.246 8.370 4.251 0.035 -5.333 1.971 0.074 -0.375 1.577 -0.014 -0.202 1.073 6.164 6.496 5.600 -5.487 8.242 4.629 0.539 1.909 -8.321 -8.600 5.680 -6.322 1.366 -4.182 -1.737 -7.318 -8.302 -3.961 1.287 4.325 5.751 3.374 8.726 3.898 -1.759 1.744 4.835 5.984 -0.517 1.962 -6.846 -9.952 3.871 8.884 7.670 7.459 1.437 0.458 8.501 0.952 4.051 9.305 6.276 -5.607 6.573 -7.529 -7.028 -7.366 -9.262 2.024 -8.634 -7.455 -3.819 -3.617 -9.467 0.045 -4.340 0.313 -2.421 -0.177 -4.951 -1.861 1.516 -0.560 -3.703 -0.104 -2.002 7.074 0.295 -3.132 -4.226 -5.889
5.926 -5.470 9.161 5.070 4.008 0.959 -5.279 -9.404 -5.996 8.558 3.246 8.453 -6.188 8.623 -2.100 3.579 7.195 -2.745 -2.722 3.271 7.662 1.207 5.364 -7.727 -2.667 -6.694 -8.919 6.858 -2.774 9.505 3.901 -8.936 0.269 7.439 1.089 7.759 -4.921 0.247 -2.845 4.509 -6.969 7.623 -1.123 -3.688 -7.007 6.120 6.247 1.797 -3.858 6.835 -6.703 5.117 -7.606 9.124 -2.829 -5.442 -4.896 -2.518 -3.232 -2.471 -5.759 -0.503 3.687 3.725 3.576 -7.395 -3.880 6.152 -0.386 -3.502 -2.275 -2.965 0.415 1.472 -0.311 2.560 -8.092 2.901 9.590 -4.476 -4.139 -7.305 -9.881 5.346 1.130 -7.512 -5.442 7.786 5.410 -5.532 -6.425 7.558 9.051 -7.735 -0.417 7.873 -6.804 6.119 -0.158 -6.580
4.940 -3.627 -9.036 -7.964 -3.623 2.789 6.504 -9.562 -1.960 2.038 -3.709 -3.755 5.741 -4.997 7.944 -6.755 -2.808 4.702 -8.707 6.357 8.697 6.603 2.363 4.353 1.022 5.632 1.735 -7.677 8.661 -0.177 4.556 7.414 -1.035 -6.405 0.684 -5.646 5.277 -1.854 -0.620 -0.738 -7.416 4.293 -8.321 -2.298 7.313 4.226 -5.295 -9.426 -9.133 3.315 -9.284 -0.344 -6.144 -5.138 6.811 9.044 -6.088 8.589 8.950 6.354 -3.800 7.103 -8.137 -3.465 0.966 2.576 7.863 8.547 1.361 5.092 4.167 -4.985 2.878 3.022 -8.442 9.319 -4.690 -9.135 2.508 -9.420 -5.848 7.349 -1.051 -0.575 -9.348 -2.016 4.910 2.715 5.514 1.760 3.854 4.207 5.573 7.858 1.515 -5.243 -6.149 -8.449 5.386 5.361
4.018 -6.869 -1.679 -8.685 -3.492 4.503 3.351 9.850 4.566 7.652 -2.252 -9.964 9.964 -2.817 -8.303 -1.157 4.444 -4.615 -9.542 -8.726 9.743 -9.805 5.224 -7.863 9.679 -3.360 1.769 5.988 9.783 -9.994 -8.152 -8.976 7.142 5.719 -4.128 -6.754 1.378 -7.791 5.038 -5.250 -8.475 7.402 6.505 -5.385 3.726 0.667 -3.834 -9.124 -5.611 1.521 -4.040 -9.234 2.622 3.481 -6.756 5.356 -7.454 -4.140 -3.968 8.011 -3.299 2.849 -0.819 -9.801 3.474 1.247 4.650 9.233 -5.033 -3.930 -1.177 -5.534 7.958 -8.548 -6.526 3.452 -7.383 8.722 1.312 -7.571 -4.163 -4.579 -1.967 -6.624 9.191 1.990 -2.168 2.272 -1.100 -1.791 4.224 4.065 -2.981 8.415 -3.107 9.578 -2.076 0.708 0.253 -7.341
5.666 2.116 0.003 5.808 7.932 -0.205 1.700 -4.660 2.449 -6.790 -8.223 0.402 1.091 9.554 5.210 8.035 3.220 6.831 8.151 -6.413 2.959 0.518 6.950 -6.604 -3.214 0.344 8.426 -6.989 -3.300 -0.532 1.197 -6.949 0.079 7.782 -6.327 -4.892 1.361 -5.633 5.256 -8.900 2.329 -2.926 -9.659 1.761 3.854 3.383 -0.078 3.024 -3.885 9.890 -6.447 -5.156 -8.378 0.106 -9.816 4.758 -2.786 8.676 0.398 -2.925 -1.475 -0.108 3.109 3.825 4.858 0.545 -8.408 7.911 -7.212 -2.761 4.401 5.343 6.402 1.207 4.724 4.895 9.588 0.407 -4.685 -2.823 4.389 1.393 -8.736 -7.244 6.409 9.809 -2.869 5.560 -2.595 9.887 -5.688 5.889 9.155 2.112 -7.333 8.552 8.523 5.970 3.641 -4.655
-9.545 9.725 6.393 -7.079 -1.317 8.547 1.593 0.598 -4.163 8.007 -6.203 -9.791 -9.509 -1.500 8.012 9.631 4.962 -7.984 7.040 -6.821 2.688 -1.537 3.433 -8.801 6.643 -5.042 8.971 0.835 5.530 -1.012 0.943 5.721 8.735 -1.563 5.323 1.605 -6.444 0.415 -5.921 -5.426 5.002 -3.489 5.308 8.431 -3.145 3.298 2.869 3.116 5.596 -6.540 9.969 -0.855 3.728 -7.879 -5.917 -9.083 -3.477 3.226 7.012 8.847 -4.551 1.649 6.384 0.478 5.714 4.299 -3.487 -4.311 8.412 -2.773 4.296 -5.800 -3.970 -1.057 6.828 3.361 8.968 6.195 -7.622 -3.013 5.357 2.848 2.178 9.961 2.957 -6.982 -3.644 -6.320 -8.611 -5.961 -5.597 -7.929 0.156 -3.408 -8.892 7.626 7.738 8.414 8.478 0.367
7.326 1.565 5.213 0.502 -1.047 7.754 -4.879 -1.352 8.068 2.418 -0.363 3.413 4.789 -2.633 -5.131 1.341 1.906 -3.951 -3.098 3.767 -8.744 7.967 -8.590 5.586 0.604 5.310 6.437 -2.743 -7.735 -4.092 0.203 -9.430 5.071 9.148 -3.715 3.247 5.163 3.486 -6.796 6.188 -0.936 8.708 0.136 5.215 -2.938 5.609 4.087 9.281 2.889 4.513 -8.781 -7.711 2.581 -3.852 4.059 0.318 8.015 -2.668 6.061 7.708 6.559 -4.079 -6.736 9.605 2.390 5.870 5.400 -4.657 -4.235 8.845 -7.182 8.594 -8.719 5.201 -4.337 3.503 -5.528 2.625 -9.179 7.120 0.241 4.462 4.738 8.527 -4.755 -2.028 4.054 9.027 5.335 6.008 0.320 -1.246 4.132 4.419 -4.757 4.372 -1.277 -4.176 -8.265 7.287
-7.737 -3.909 7.915 -0.071 -1.403 -3.753 8.465 5.302 -0.370 -1.977 -5.968 4.755 7.010 -8.420 -1.756 -8.676 6.070 -8.985 2.083 -5.295 0.998 2.580 1.444 -1.430 -9.460 2.149 0.976 4.459 6.700 5.053 -8.619 6.713 5.947 8.275 -4.448 -2.529 4.222 -9.151 -7.230 -3.287 -9.267 0.952 3.106 5.137 -1.216 -7.571 1.350 8.394 0.185 0.156 -3.039 -0.720 3.673 -7.953 6.846 5.934 -7.157 -2.755 -2.329 8.157 2.788 -5.509 0.281 9.736 -7.280 -0.335 -8.684 -0.387 -6.105 -3.923 -4.614 4.126 5.926 -0.601 -2.449 3.736 -8.009 -0.306 2.434 3.639 -7.260 -1.713 -4.856 -8.848 8.434 1.828 0.864 5.870 3.524 -7.163 -8.767 -7.885 -7.833 -9.646 1.050 3.933 8.145 9.268 4.827 -6.020
7.066 3.723 -0.263 7.735 -4.469 -7.134 -3.461 3.197 4.108 0.178 -0.119 -3.332 9.408 7.195 3.703 9.552 -7.695 -0.467 3.414 -5.549 -6.186 6.623 -1.959 8.381 -7.698 0.162 -6.777 4.926 4.642 5.773 5.287 -3.791 9.952 3.959 -0.345 2.499 -5.786 6.059 -4.426 -1.412 1.099 -9.211 -8.180 -7.499 0.035 8.022 -5.229 -3.353 2.586 -0.867 -8.656 6.661 -1.643 -3.082 6.376 7.279 -8.666 -4.263 -3.647 -1.209 2.647 -6.371 -9.159 3.116 -4.890 1.597 -0.497 3.039 6.030 -7.817 6.224 9.061 -7.471 -3.279 3.344 0.238 -0.935 3.378 1.447 -9.302 -3.301 -3.504 -8.825 -8.886 -7.972 -0.480 5.022 -3.903 3.240 -1.129 6.878 -9.213 7.484 -2.590 4.104 -9.056 6.274 -0.602 1.798 -2.400
9.363 5.464 -5.770 7.453 -8.501 -6.850 -0.249 6.295 -2.455 1.982 8.736 -9.930 -4.480 -7.286 7.114 5.401 -2.138 7.743 0.605 -8.196 -2.602 -8.953 4.690 0.137 -3.040 -3.668 7.546 0.304 1.076 -2.346 -8.233 2.282 -1.618 8.608 5.734 4.065 -2.547 -4.995 -1.588 2.800 2.036 -8.704 6.738 -6.461 4.842 2.209 5.444 3.910 4.627 5.537 5.313 -9.424 7.110 8.986 3.793 -3.688 -2.430 -7.834 -0.931 -7.205 -2.249 -4.169 9.102 2.398 -6.033 1.117 5.997 -4.106 -0.395 2.401 -9.959 0.617 -6.959 3.346 -4.358 4.339 3.621 -5.135 6.911 -9.937 9.715 -9.872 -0.400 4.143 9.692 3.908 1.222 9.255 2.501 0.559 1.499 -8.558 -8.348 1.227 -9.762 8.463 3.044 -9.349 -8.278 -2.917
-1.500 -8.117 8.247 5.314 -1.645 6.476 -9.399 -9.618 2.029 5.868 8.378 -7.490 0.908 -4.710 5.121 2.793 -9.141 -6.444 -2.724 -4.553 5.867 -8.897 -7.048 -1.444 -8.425 6.335 -6.245 2.928 -1.661 -7.080 7.983 6.789 -0.866 -5.289 7.344 7.005 9.975 7.720 -4.102 2.921 8.979 -3.408 6.683 -7.872 -7.507 5.268 8.321 -3.429 3.057 -1.173 3.551 6.642 1.883 -2.465 0.608 -2.692 -8.996 -6.908 3.737 8.518 0.357 8.117 0.661 -7.972 -2.041 -0.743 4.177 -4.609 -1.765 8.457 7.160 -8.616 8.390 -1.862 -5.876 2.054 -6.469 -1.621 7.536 3.089 0.671 7.054 1.136 -0.810 3.375 -2.895 4.205 -0.249 -6.583 6.416 -5.812 5.105 -5.293 -6.022 7.232 -0.125 -9.258 -5.219 7.476 -1.829
-9.696 0.185 -3.573 -6.825 2.088 -5.157 0.570 -2.722 0.231 0.380 -1.406 -9.736 -1.548 0.420 3.226 -8.854 -5.633 -8.454 -5.165 -7.755 -2.952 -1.877 8.783 -3.142 -3.210 -5.916 -2.545 1.951 -6.779 -3.100 8.027 -2.083 -3.643 -4.973 0.066 -1.157 -1.460 7.151 -8.724 -9.266 5.980 0.386 5.638 8.498 1.255 9.443 -0.547 -7.786 -8.107 -1.237 0.225 -1.683 0.723 -7.482 4.279 2.552 5.198 -7.624 -6.770 -4.340 -2.740 6.910 0.911 9.864 -7.386 -8.053 -4.568 -4.825 8.397 8.921 -2.942 -6.901 1.032 6.511 -4.825 -1.279 5.862 3.451 -0.223 -7.987 -9.296 3.794 -5.614 -7.029 -1.084 2.464 9.026 -5.242 -9.278 0.236 -8.852 8.033 -9.120 5.081 -6.687 -5.962 -0.764 6.507 7.287 4.787
-6.121 3.059 -6.399 -0.080 5.810 -4.421 9.099 -8.311 -1.067 -7.386 3.332 -7.538 -3.732 9.443 -4.727 2.098 -9.677 6.125 -1.750 -5.418 -2.472 -9.896 -7.648 -3.103 -8.839 7.728 -2.442 -9.319 9.089 -9.067 6.757 8.255 -2.971 -2.677 -2.463 -3.794 1.839 7.228 -2.240 -6.026 -9.139 5.258 9.303 1.273 1.487 -4.013 -8.471 1.323 2.638 -9.971 4.708 -1.959 -5.967 3.595 5.366 3.708 -2.344 -2.706 -2.968 8.309 -1.690 -7.059 -6.763 -5.442 -3.324 -4.329 7.999 7.993 9.240 5.623 -7.150 -8.910 -3.587 -4.149 -1.317 2.152 4.788 -8.682 2.669 9.374 3.595 -7.631 -4.615 2.706 5.864 8.146 9.210 7.133 -5.810 5.150 2.940 4.797 -1.939 -1.458 -9.812 5.743 -3.667 -0.465 6.271 -0.021
-2.777 -3.848 -6.076 -5.618 -4.338 -8.190 -0.485 8.388 -1.251 -9.812 0.124 -1.819 -6.634 -7.772 3.485 9.316 4.849 4.496 -4.852 -6.131 -7.372 -0.180 0.211 -5.225 -3.878 5.594 1.657 -8.971 -8.931 6.425 4.275 -8.075 -8.469 -2.597 1.652 -1.470 -8.674 -3.355 -6.820 -9.013 9.316 1.560 -1.683 -5.631 7.269 9.816 -3.921 8.247 6.598 -1.477 1.335 -6.663 -2.282 -6.144 5.306 9.103 -1.205 -5.260 -7.967 -7.963 -7.163 8.258 -8.372 -4.886 -5.932 5.928 8.557 -8.770 -4.614 -5.291 1.536 -5.866 4.458 -4.551 3.399 7.743 -4.528 1.749 -5.161 -8.523 2.935 8.785 -4.445 -6.184 -9.036 2.651 -6.501 7.709 3.724 9.951 -7.793 9.901 9.484 -9.589 0.720 6.856 -2.661 6.366 -8.818 -0.709
-3.058 9.634 5.219 -9.764 -8.290 5.912 -6.572 -9.449 6.301 7.305 8.916 -6.736 3.701 1.893 3.428 8.707 7.755 1.517 0.305 7.670 3.633 5.865 -9.263 8.323 3.007 -2.020 -6.149 2.041 -6.065 -0.933 7.013 3.696 3.811 2.438 -7.624 -1.807 -2.012 -5.334 1.053 -7.575 1.223 -5.609 5.733 4.051 -1.620 -6.815 2.245 -8.471 -8.129 -6.581 -1.537 -5.505 -0.450 -1.162 -7.428 -8.367 0.311 9.892 -0.494 -6.747 1.323 -6.175 3.671 5.848 3.411 9.595 7.601 -6.993 3.863 1.132 -7.107 9.267 -2.144 1.295 -5.483 -1.343 5.914 -9.954 -1.869 -5.843 -0.902 -6.009 -1.164 3.548 1.482 -2.653 1.946 -7.301 -9.423 3.535 -7.445 -3.145 -0.946 -0.063 -9.788 -0.902 -8.559 5.945 9.598 9.860
7.502 -7.366 8.440 -8.312 -1.097 7.349 -2.279 -5.744 -7.946 6.247 -2.670 7.765 6.411 3.831 5.347 6.042 -1.250 0.688 -9.399 0.540 -2.790 -5.749 7.390 -7.030 8.983 -9.059 -7.273 2.244 -9.927 2.562 -2.833 -2.723 -5.539 -2.202 4.950 -6.952 -8.497 6.598 -4.172 -9.572 7.086 -8.088 -4.650 -7.011 5.804 9.021 5.917 -1.063 3.544 6.972 9.318 -3.657 5.689 1.824 2.423 1.188 7.146 -4.819 -8.088 6.494 7.286 2.416 -3.707 3.024 -2.223 3.444 9.577 7.320 6.744 1.644 0.882 4.231 -9.246 8.015 6.722 8.255 5.834 0.771 6.506 3.497 -4.373 6.793 8.786 7.905 4.633 5.441 5.081 -4.449 -8.533 0.340 9.581 -1.961 8.752 -4.590 -3.862 0.541 -9.861 2.360 3.102 -1.202
-5.935 7.605 -0.075 5.398 5.788 6.038 -6.288 -0.874 -0.335 6.285 0.421 7.327 7.001 -7.259 -2.437 1.716 -4.718 -7.910 -1.795 9.950 7.271 5.905 -1.961 -3.592 -5.939 -6.281 9.385 2.463 1.206 -9.644 -5.946 -5.227 -1.647 6.227 6.792 5.257 0.494 7.739 6.606 6.799 8.932 -3.884 -3.316 -1.732 7.216 -9.766 -9.828 8.046 5.974 -5.295 7.658 -3.232 7.742 0.716 1.303 -4.901 1.571 2.376 -0.812 -9.571 9.218 -7.268 -1.020 9.598 -4.686 -5.830 -3.204 2.366 -4.578 -8.965 -8.557 -0.298 8.554 3.331 -3.312 6.235 5.597 -0.597 -4.049 -6.515 -7.783 6.453 7.664 -7.742 7.529 -8.845 5.772 5.049 2.933 8.498 -9.841 1.951 -4.734 -1.761 -8.684 -3.300 3.217 7.240 9.167 -7.898
-8.670 -7.907 -8.901 2.699 6.059 -1.140 -0.983 4.567 -0.890 6.632 6.061 0.336 -3.805 4.685 0.295 -5.212 4.788 9.692 -3.426 -7.319 -5.195 -9.170 6.397 -0.635 8.512 3.483 6.875 6.870 -5.071 -6.657 -7.218 4.585 -0.092 6.108 -4.769 -0.394 -8.453 -0.903 -6.247 -4.740 4.628 -6.476 6.071 4.919 -5.838 3.289 -7.087 -4.476 5.458 5.975 2.814 4.191 3.734 2.607 -4.770 -3.469 2.729 -0.577 7.147 3.273 9.423 -4.819 -8.058 -0.426 5.922 -1.132 -8.203 5.022 7.141 3.908 2.118 -6.108 4.480 2.755 5.725 -9.966 -9.692 -3.945 -3.758 9.829 8.827 0.560 5.530 7.600 8.886 -8.117 4.490 -9.459 2.998 -8.416 -3.421 4.691 4.514 9.297 -4.378 -1.919 7.303 -0.027 3.537 -5.757
9.578 -1.405 0.045 3.185 -9.188 9.243 8.830 -1.063 1.973 -1.711 1.728 -5.525 -5.148 4.171 8.735 -9.270 -0.086 0.209 5.504 -8.964 6.937 9.744 2.888 0.388 -8.510 2.412 -4.268 0.452 1.994 7.862 0.998 -2.860 -8.009 4.035 -7.174 6.901 -1.968 -0.431 6.039 5.933 8.487 9.225 -1.141 5.557 0.965 2.948 -1.292 -6.554 -7.665 3.667 5.992 5.859 -2.776 -9.830 1.381 7.977 0.059 2.451 -3.593 -3.633 5.000 1.730 3.085 -6.935 1.999 9.995 0.110 -4.130 7.593 -5.779 9.044 -8.529 -2.465 2.390 5.578 -2.798 9.265 -0.304 9.428 -0.617 -5.755 5.730 -3.805 -4.912 -5.088 0.540 -1.450 -6.029 -3.139 -9.977 -0.253 1.889 6.808 -9.131 -3.568 9.627 1.797 -4.585 -6.998 -9.486
8.147 -3.726 5.392 3.575 1.768 2.938 -1.204 3.357 -9.433 8.949 -2.760 -2.322 0.563 -7.244 4.193 7.475 -6.690 5.393 -6.934 0.372 6.038 -1.480 4.363 1.040 9.477 1.555 7.176 5.200 -3.961 0.301 -3.775 5.509 -0.021 -9.230 -2.575 -4.024 -4.696 4.395 -9.727 -0.839 3.188 -2.479 -9.608 -7.146 -9.528 6.596 8.875 5.746 1.276 -9.043 -5.665 -7.031 -9.697 -8.740 -8.239 -6.303 2.851 -2.665 -7.677 7.823 2.544 7.504 4.813 -3.608 -8.874 -1.531 8.152 6.131 -9.419 -7.226 -9.965 2.027 3.922 7.873 -8.919 6.032 -4.457 -9.229 -2.506 5.198 8.474 8.409 -6.049 -5.273 -5.027 4.209 -1.049 8.564 -2.069 -1.296 2.285 -1.455 -9.051 -6.370 5.929 -3.109 -6.226 -5.301 -2.679 1.246
0.957 2.708 -2.451 9.399 7.748 7.841 -8.942 2.711 2.742 -8.460 6.609 7.804 0.389 7.549 -1.844 9.307 5.412 9.590 -5.087 7.898 5.917 -9.581 -6.216 -3.832 -4.722 8.664 0.025 2.381 9.600 -1.576 7.256 7.646 0.815 6.735 -4.336 -1.587 -6.868 -0.643 0.651 -3.767 -5.141 2.808 1.143 7.252 9.134 1.087 7.960 3.995 -6.793 0.641 -6.278 2.282 0.629 -5.631 -8.789 -8.918 7.579 4.650 1.606 2.783 3.331 -1.910 -9.860 6.681 5.676 1.153 7.958 -1.358 9.556 7.862 0.482 -3.881 8.038 -8.941 8.548 3.012 -6.237 6.086 5.111 1.593 -5.125 5.593 9.546 0.101 7.223 -8.597 -7.316 2.237 0.175 -2.488 1.450 5.146 7.290 2.948 8.851 -2.467 -2.488 5.086 -8.667 2.722
-1.870 -8.933 8.976 1.022 -2.189 6.408 4.287 2.770 -0.729 6.336 9.535 5.249 2.473 -9.313 -3.975 -4.094 2.365 -2.123 4.253 2.973 2.825 1.821 1.815 4.854 -7.032 9.661 -6.875 -2.922 -0.307 -5.098 1.939 -3.840 5.627 1.075 2.152 0.140 6.244 -5.386 -1.102 -1.791 -4.959 2.145 9.522 -7.630 9.731 1.284 -2.132 1.310 9.639 1.753 6.433 -4.312 4.622 7.339 -7.235 0.577 9.383 -2.232 -2.424 -0.512 -1.585 -5.572 5.825 9.122 3.313 5.978 -3.227 -5.612 6.897 3.220 0.852 -8.025 -1.148 6.857 -8.075 2.367 9.402 7.061 -4.546 -4.006 4.057 0.306 7.389 4.514 -1.533 9.764 7.769 -2.666 8.442 7.761 7.723 2.897 4.719 6.140 2.256 2.983 -5.694 -6.147 8.410 6.240
-1.821 1.339 4.245 2.528 3.910 1.351 -1.591 -1.656 8.344 2.490 -4.593 -9.740 -6.980 7.236 -7.011 -5.835 -9.477 -7.761 9.494 4.030 -0.472 -2.254 -3.056 8.370 -2.982 -8.715 8.802 4.309 -2.293 1.540 8.721 2.508 -7.124 -7.554 3.825 -6.558 9.821 -0.432 5.139 3.676 2.392 9.035 -4.621 -2.921 6.096 6.219 -7.080 2.053 -6.378 -5.830 9.271 4.862 -9.424 8.514 7.565 4.258 -6.180 -7.033 -6.957 -9.248 6.262 7.744 8.545 -8.538 -2.562 -0.140 0.816 2.720 -9.522 6.519 -5.399 1.809 2.570 -7.986 9.616 -2.420 -5.288 -5.624 3.551 -5.989 -4.487 9.588 -4.774 4.316 -0.434 9.827 7.399 5.357 -1.698 -8.670 7.176 9.475 -9.523 -8.350 7.547 -6.792 8.635 -3.425 4.441 -3.152
8.300 -1.194 7.652 1.933 -9.944 -0.340 4.122 1.972 -7.464 -8.193 -7.271 -7.260 -1.554 -6.177 0.211 -1.039 8.075 -6.022 9.030 -8.173 -4.971 -2.335 -6.624 -4.175 7.537 9.595 -9.722 -6.750 -7.578 -1.659 -2.508 -1.507 -4.977 6.325 -0.794 -6.220 -8.348 -7.218 -7.683 5.730 -3.309 0.192 -0.009 7.398 7.653 -8.378 -9.342 -5.872 1.019 -9.067 -6.737 -7.640 7.380 -1.341 -7.044 8.873 -9.437 4.696 -7.482 7.355 5.679 1.526 2.310 -8.048 0.195 9.066 6.724 7.377 -7.495 -1.547 8.782 1.776 -5.294 2.312 -4.273 2.970 9.680 -1.826 6.822 8.279 -1.755 2.885 -4.700 -7.986 -8.939 -7.704 0.583 -1.031 -5.661 2.331 -4.685 -9.004 -6.448 0.212 -7.589 -8.359 -1.258 -7.850 -7.287 -9.171
8.106 -6.887 6.293 5.164 -2.939 -9.566 -9.293 -3.311 -2.373 -6.393 -3.305 -7.496 -5.051 0.922 -6.920 2.265 -9.686 3.354 4.411 2.111 -7.268 -0.493 7.971 6.593 -7.163 -6.656 -2.999 -5.200 -7.792 1.860 2.503 6.988 -2.818 5.977 6.535 -5.492 -5.003 -0.723 2.081 -0.911 1.933 -3.465 7.753 -2.168 -3.142 -2.450 -4.040 -8.238 7.992 -4.708 3.786 5.827 5.285 2.388 -8.631 7.903 -0.373 -3.388 -1.688 -7.676 -3.407 9.600 0.008 6.163 -0.706 8.262 0.736 4.853 5.230 -0.004 -8.731 -3.332 6.550 5.214 -6.909 7.531 6.038 -1.605 9.100 -5.811 -9.035 -8.184 -2.225 -1.858 7.781 -1.123 3.979 2.814 3.192 0.257 -6.878 -7.929 -8.422 5.037 -8.426 -6.052 -5.594 -7.247 -9.617 -1.607
2.930 2.101 9.354 5.449 -2.877 -7.824 -8.823 3.322 4.567 5.743 2.314 -6.771 -2.939 -6.406 4.062 7.229 -6.968 9.125 9.833 -4.505 -8.735 -8.355 4.535 -6.188 3.879 6.358 -7.179 8.287 -5.662 2.245 7.762 -1.502 -8.710 -7.400 2.171 -5.498 -7.683 5.516 -7.142 -6.474 2.537 9.654 3.440 -6.047 8.264 -8.191 4.391 -2.059 -1.734 -9.813 -6.486 8.806 1.123 0.131 -1.809 -3.304 -6.748 -0.772 6.280 7.874 -0.897 1.075 4.101 -2.229 5.935 -0.962 -6.215 3.525 -9.004 -1.358 -8.320 -3.441 -0.845 9.732 0.827 -1.020 5.369 -5.446 -1.304 7.988 1.329 -6.202 3.561 -7.407 -9.790 -8.250 -2.365 1.301 -0.796 2.665 3.763 1.732 7.357 5.773 -5.097 6.593 0.884 7.579 -5.098 6.338
-8.842 -1.679 -5.758 0.482 -9.411 -8.220 0.794 -7.019 3.411 4.844 8.613 -6.745 -0.598 -1.401 1.403 6.456 -1.357 4.449 7.878 5.292 2.381 0.632 -7.817 -7.416 -3.170 1.971 1.638 4.456 0.393 -6.961 1.341 4.898 5.809 -7.587 5.712 -5.868 9.174 4.697 1.069 6.721 -3.396 -3.973 -7.446 2.320 4.973 -4.178 -1.471 1.234 -9.101 -8.879 4.537 -1.600 5.218 -4.203 1.813 9.990 -3.740 -9.270 8.769 6.565 4.065 4.891 -8.700 -8.835 9.907 -6.695 5.330 9.846 -3.364 6.624 7.872 -2.576 1.958 5.787 -6.701 -8.920 -0.244 0.281 3.677 7.161 -2.587 -5.896 6.450 -3.113 3.428 -0.132 3.839 1.129 -4.602 -2.153 1.238 3.199 5.878 -7.490 2.333 3.231 -7.823 4.606 4.850 -9.753
-1.599 5.803 -3.640 -3.161 9.996 -3.958 -6.873 5.709 9.828 -4.955 -8.783 9.738 -2.556 -4.084 -9.346 -9.292 -5.312 -0.236 3.890 -7.058 -4.797 -1.081 -3.332 -1.002 4.883 -8.372 7.889 -8.379 4.790 1.665 -1.868 -6.062 7.458 6.553 -8.778 -2.690 3.166 8.437 6.253 9.541 6.932 -5.411 5.992 -5.135 -3.193 -6.798 -7.282 5.049 4.639 -3.918 7.330 -2.475 3.146 -9.426 0.110 6.025 -1.099 1.146 -9.447 -7.787 3.815 -1.555 8.949 4.562 -2.383 -3.930 -6.376 -8.813 -2.205 -7.371 5.057 -2.408 0.121 -4.115 2.778 9.123 -2.145 6.244 -4.160 -0.832 7.616 1.934 -1.962 2.049 -9.627 -4.986 7.516 -6.415 -7.750 5.194 8.466 2.028 -6.250 -6.223 -7.021 -7.668 1.103 4.356 7.860 7.723
0.945 -7.109 7.548 3.280 -7.576 -0.124 -1.846 -4.699 7.871 0.370 4.605 5.875 2.583 -5.171 -5.283 -8.174 9.786 7.254 -8.421 -4.370 -0.345 8.010 5.748 4.566 -0.956 -5.002 -6.068 6.234 -6.718 -8.569 -7.238 8.033 2.420 -2.635 4.547 -4.336 -7.390 8.994 8.300 5.285 -6.521 -5.670 8.559 -8.679 -0.369 -0.420 2.166 1.448 -6.913 -2.022 4.279 -4.435 -9.409 -8.987 9.422 -6.754 -8.119 0.854 -9.877 -8.696 -6.101 -3.609 -6.872 8.257 -6.406 8.344 -9.025 4.450 -9.128 -5.501 9.646 9.272 6.910 -8.231 -1.849 -1.835 -6.580 4.108 8.803 -6.185 -8.992 -7.999 2.769 1.399 -0.300 0.217 4.027 9.024 5.676 -1.002 -9.519 -7.742 8.074 -0.838 7.772 -5.638 -8.022 0.546 1.621 3.664
-2.231 2.275 7.905 -8.691 -4.567 0.789 3.090 6.012 -2.316 3.085 -2.403 -8.668 2.517 -8.760 5.553 2.324 -8.619 0.961 -7.987 0.842 8.451 -7.182 6.782 -0.418 -1.426 -2.818 5.149 5.387 -2.185 -8.334 -5.800 9.942 -2.710 -6.119 1.104 8.652 -6.740 9.832 4.791 -5.053 7.494 -7.811 7.125 4.176 -9.013 -4.680 9.175 -5.129 -3.245 -9.924 -6.212 0.532 7.542 -2.036 9.616 0.705 4.980 7.721 -4.564 7.640 -9.195 -2.464 5.898 -1.056 -9.055 -8.778 0.656 -7.646 6.331 -3.700 5.551 4.520 -0.461 3.177 -0.363 0.224 -4.445 -3.449 4.734 -8.140 -9.366 4.935 2.747 4.996 5.517 -9.854 0.391 7.101 3.530 4.917 7.326 0.032 7.326 7.068 -6.789 -7.653 -0.207 -1.231 -9.149 -1.815
-5.649 -9.989 6.796 -3.566 6.219 -5.459 -7.594 -5.361 -3.244 0.314 -3.055 -1.668 -4.409 -5.595 8.713 -1.014 -0.309 -9.174 7.561 -6.727 4.352 0.097 1.690 -0.426 -1.306 2.211 6.441 -4.115 -8.641 7.144 3.099 -1.979 -6.684 -5.711 3.920 5.430 0.339 0.919 3.870 8.824 -6.455 9.133 5.587 1.167 9.886 -2.749 -3.569 2.945 -3.294 7.833 4.670 9.775 5.963 8.040 5.763 3.703 8.380 9.477 -5.413 -0.628 0.148 -0.996 -4.453 4.281 -0.940 6.484 6.354 1.465 2.576 9.828 1.801 6.338 -5.891 -8.206 7.459 3.918 -7.388 0.956 -8.630 9.485 -7.894 3.625 -5.582 3.541 -6.476 9.477 9.945 9.187 9.068 -1.678 -1.434 -7.888 -0.816 -2.524 0.936 7.615 -7.087 -3.847 -3.235 -2.352
1.029 1.948 -4.785 4.759 -6.296 4.165 -1.624 1.645 0.922 1.079 -7.525 -0.129 8.397 7.364 0.787 -1.958 2.147 9.624 -6.724 7.807 4.905 5.880 -0.326 -0.204 2.548 2.867 -1.995 -3.323 4.672 9.847 6.906 4.158 -9.026 5.907 6.696 5.763 -5.188 2.569 1.031 9.453 9.799 1.820 -6.460 6.191 2.938 6.663 1.290 -1.313 4.254 -8.932 -9.763 -7.794 -9.304 -5.298 -2.521 1.251 5.532 -0.021 4.521 6.850 -7.251 -5.849 -7.536 -0.584 -8.052 -2.617 7.169 5.519 -9.787 -3.093 -7.194 -7.970 -3.410 4.178 0.448 -8.550 0.380 3.271 5.155 -2.654 -1.751 -7.533 -9.910 4.623 -3.145 -7.562 8.568 4.136 -0.296 0.164 -7.224 -4.791 0.985 -7.269 9.098 -9.375 -5.044 -8.465 -5.677 6.990
-8.042 -3.827 9.834 -4.535 6.587 -9.217 8.996 -0.060 -4.651 -6.441 -5.708 3.336 5.770 -3.892 2.227 6.569 7.456 7.408 9.038 4.078 -7.463 -9.051 -1.404 -3.780 9.095 -5.061 -6.214 -0.466 0.216 -9.769 -1.893 6.757 -2.477 6.407 0.788 -8.755 -9.738 -5.488 -1.983 -9.887 6.063 -7.479 -7.660 -7.387 -4.034 6.660 5.225 8.265 -7.062 1.982 -7.913 -9.020 -7.202 2.093 -5.347 -7.677 -8.184 -1.199 5.614 -1.599 -6.412 9.821 -2.082 -9.846 0.861 9.699 -0.970 0.012 9.793 -6.669 9.746 8.566 9.094 8.824 2.458 -1.985 5.415 -3.480 0.448 -3.310 -9.725 -3.162 -5.657 5.354 1.534 -1.538 -7.506 -9.818 -8.321 -0.124 -5.349 7.286 1.776 8.485 4.583 0.969 -4.522 4.495 -9.792 0.905
7.493 -0.783 -7.275 9.492 -0.696 -6.188 -4.982 3.854 -1.178 2.807 -5.963 9.795 6.768 -4.907 -1.391 -9.032 -6.448 1.241 -4.382 2.689 9.139 -5.106 -0.230 8.007 0.573 4.767 5.150 -8.708 -5.037 -4.186 0.860 -7.096 -5.536 -4.734 8.003 2.230 5.976 7.406 4.648 1.128 9.067 9.621 -9.969 -4.319 7.316 -4.899 -1.481 -4.124 8.007 3.673 1.049 -6.458 3.113 -1.341 -1.250 8.066 -5.939 1.513 2.375 7.178 9.631 2.378 3.338 -1.495 -6.364 -3.336 0.526 9.749 2.957 -5.422 2.030 -6.388 5.924 -7.846 9.737 -1.790 -7.907 4.556 5.995 -7.823 0.707 -0.888 -8.199 0.921 2.517 -3.166 -6.885 -0.667 -8.970 2.271 1.636 4.400 1.283 -2.964 2.425 0.144 -8.383 -1.550 3.302 1.478
6.897 9.933 3.405 -4.488 9.567 -1.982 -2.210 7.146 -0.720 -3.363 -4.735 -5.485 7.913 -1.867 1.598 -1.874 -3.018 5.249 3.967 -2.197 0.305 8.339 -5.511 9.179 0.929 6.817 -8.237 0.293 1.749 9.437 7.383 9.343 8.302 4.419 -8.582 1.583 2.118 -9.800 8.099 1.873 9.080 4.179 -7.798 9.954 1.347 -2.923 8.829 3.171 -8.287 7.990 -9.441 -7.788 -9.045 -4.988 7.351 -8.911 7.101 -6.626 -8.516 4.905 8.272 1.135 1.369 1.943 2.647 8.562 -3.942 9.286 1.540 1.486 -1.796 6.636 7.228 0.576 7.151 2.842 0.875 -3.430 1.721 8.241 8.461 -9.081 3.511 5.236 -7.048 9.987 0.062 -0.985 -7.191 -2.092 0.383 8.410 0.884 4.203 -6.806 -8.700 1.783 7.997 2.183 4.195
-9.567 -6.395 -4.410 -1.398 3.510 -3.395 -7.361 4.335 7.570 -8.851 -3.501 8.728 -9.779 6.276 -6.984 -7.698 -1.370 1.721 -3.316 1.621 -9.185 -4.727 -3.388 -7.856 -5.813 -7.769 2.746 -5.556 -5.890 -5.068 -2.289 -2.080 -3.695 7.794 7.878 -6.441 -5.099 1.299 7.562 -5.206 -8.015 -1.920 3.188 8.579 -8.966 1.913 3.712 3.190 3.982 2.538 -3.082 4.403 -2.475 -9.917 4.000 -8.450 -0.671 -6.163 1.993 -6.161 3.438 8.456 -4.832 -5.587 2.190 0.847 5.945 -7.372 -2.134 -6.494 -7.257 -2.355 8.999 -9.143 -3.938 0.050 -3.180 -0.219 -5.001 -4.360 -0.696 -5.324 -2.823 7.367 7.700 8.705 4.791 6.656 4.178 4.459 5.512 -8.390 -0.993 9.904 3.522 -4.452 6.205 -8.352 -1.808 3.040
5.975 9.125 8.377 9.043 -9.362 7.740 6.591 4.293 8.038 7.090 6.915 1.850 -1.418 0.046 9.324 -8.398 1.262 -4.549 9.392 -7.475 2.696 9.595 8.269 5.885 7.792 0.765 -3.201 -9.905 -8.019 -7.637 -0.357 -4.282 7.273 -0.913 -9.316 -1.692 -6.988 5.988 8.107 -9.963 -8.623 7.439 -6.949 5.684 -0.242 -6.035 -4.284 4.581 -3.170 -6.624 3.439 4.218 -7.745 4.598 5.318 -6.533 3.506 -5.607 1.256 -0.205 -3.282 -5.844 1.483 4.780 1.504 2.924 3.122 7.323 1.965 9.314 1.900 -5.221 -6.483 7.616 0.389 2.311 -5.941 -2.621 2.154 -7.025 -9.398 7.023 -1.038 -5.775 5.680 1.995 5.529 -8.899 2.516 3.029 0.577 -1.540 7.329 -6.026 2.413 0.392 0.014 -9.116 0.316 -7.544
-1.305 -7.299 4.500 6.742 0.356 -1.016 2.139 -2.687 7.911 -5.594 -8.167 0.685 -1.146 -8.214 0.373 2.949 -9.708 6.264 7.480 -7.624 -4.410 -2.968 2.238 5.437 -2.169 4.958 -1.614 -0.505 4.850 7.849 -4.350 -4.487 -0.820 -5.866 7.709 -2.238 0.780 8.431 9.267 -6.571 -9.537 -2.203 8.145 -1.728 -0.848 9.601 -0.362 1.222 9.281 -2.043 -2.109 -9.400 0.489 -6.060 4.027 -9.603 -4.385 8.588 -7.718 4.550 -3.335 7.984 -7.222 5.657 -2.951 3.113 -6.132 -2.167 -8.052 9.731 6.082 -0.628 0.405 4.768 -6.109 7.652 -3.476 8.006 -7.657 0.620 -3.613 -4.192 -7.965 -5.623 7.639 1.777 1.995 -6.983 5.208 -5.540 -4.268 -7.986 -7.194 -9.808 7.583 3.653 -6.218 -2.803 8.084 -4.431
-6.519 9.065 -3.601 -1.513 -2.502 -9.589 -5.387 -4.932 0.220 2.344 9.637 6.223 6.223 -1.383 4.670 -5.087 -3.302 2.597 2.025 -3.744 -1.046 -6.234 -8.793 7.091 1.551 -4.516 -1.449 -4.568 8.541 2.653 8.038 -1.865 -2.627 1.651 -8.789 3.760 4.201 7.780 -4.937 -0.132 2.575 -7.816 -0.243 -4.741 -3.911 -7.347 7.416 -4.629 -1.368 -0.037 3.835 6.948 4.777 -4.444 -1.242 9.444 8.781 -0.077 6.942 -5.972 -1.811 -7.970 -6.216 1.080 8.999 2.322 2.591 -9.422 -7.313 -9.191 -9.823 7.612 -1.131 4.326 3.818 2.596 3.737 4.151 3.964 -7.709 -2.879 -9.372 6.603 3.101 3.558 -2.056 -5.299 -8.302 6.217 9.272 -8.774 -1.934 3.439 -3.687 -8.992 -1.582 7.351 3.336 -8.457 4.080
4.116 6.578 4.645 5.517 5.644 1.144 7.220 -2.231 -6.941 6.333 -8.450 5.974 9.300 -0.162 5.265 -7.065 1.431 9.923 -0.098 9.809 4.199 4.473 -2.746 2.457 8.908 -8.933 5.312 -9.840 4.548 -3.190 -5.950 0.503 5.963 1.428 -9.067 -5.354 3.654 2.531 8.981 -8.710 4.004 -9.318 0.658 -6.003 -7.790 9.874 5.965 -1.035 7.154 3.103 -3.441 6.972 -1.152 -2.215 -7.010 3.313 -6.480 -1.115 7.403 -1.299 4.401 2.012 -9.571 -6.747 -6.101 7.900 4.555 -4.056 -4.035 -6.051 -7.762 -3.634 -7.293 -6.516 7.854 -1.976 -4.576 -6.383 7.713 7.101 6.368 1.998 0.957 -0.188 0.496 1.234 1.569 8.482 -7.632 -7.856 -4.539 9.284 -9.063 9.568 -6.025 -4.946 7.791 3.409 8.456 -5.898
-2.991 8.892 -9.448 4.015 -1.171 -0.480 4.722 2.228 -0.520 1.389 8.851 -1.868 5.880 0.645 6.951 -0.177 0.672 6.970 -1.018 -5.856 9.083 -5.487 -7.691 8.619 -1.053 -5.530 8.563 7.785 7.868 8.195 -1.060 -0.283 -6.690 -1.579 3.144 -4.456 9.939 0.511 -8.960 -3.954 1.007 -9.898 -2.883 2.634 -2.378 -9.478 1.626 2.306 0.497 -6.245 -0.880 -6.126 -3.781 -2.608 -3.984 8.471 3.505 -6.149 -3.206 3.601 -9.996 -8.827 -1.397 -6.373 6.553 -3.650 -4.551 -8.291 -1.998 -9.270 3.447 -2.727 2.934 4.874 0.251 7.983 -4.326 -6.676 -1.183 -6.347 -8.818 -1.876 -0.540 4.844 -7.976 -8.446 1.603 4.816 8.645 -1.299 -3.418 9.753 4.413 6.147 -3.355 1.358 -8.762 -7.658 4.465 9.781
-3.713 -3.964 3.134 2.104 7.911 0.501 -6.939 -2.581 7.678 0.926 -1.319 8.010 2.518 3.413 -9.280 -8.249 1.472 6.264 -4.377 -1.285 6.667 7.857 -6.796 -2.419 -6.964 -7.419 -7.804 8.161 3.605 -0.646 3.051 3.195 4.788 -8.139 -8.619 -1.161 -4.669 -4.791 -6.632 9.797 -3.480 7.522 2.791 -2.446 -6.383 1.079 -6.983 -7.566 0.093 -3.854 -2.220 -5.055 3.511 8.096 -2.615 -0.052 9.484 3.842 -3.219 8.112 -9.930 6.055 -5.969 -0.048 4.604 5.356 7.132 0.174 7.011 -5.580 -5.969 1.538 0.660 5.633 9.246 8.685 5.623 6.024 -8.917 -8.606 3.335 1.427 0.170 -3.822 3.858 0.834 1.346 -2.891 -8.725 -3.548 9.823 -5.715 -8.678 -8.554 -5.622 -2.170 -7.845 5.533 -1.909 5.317
5.132 -6.068 6.618 -6.425 9.950 -6.552 1.357 3.643 -3.733 2.469 -6.379 -7.388 -9.560 4.639 0.352 -5.327 7.387 1.183 -4.828 -3.659 7.125 -6.881 4.274 -2.946 -8.651 -8.568 3.292 -0.413 -4.187 -9.572 5.725 4.991 -6.121 9.816 -1.265 -3.324 -2.798 -5.891 7.590 -4.847 9.000 0.476 9.630 3.092 2.061 -9.161 -8.687 -1.076 3.091 9.923 0.080 -7.068 -6.253 4.946 -0.807 -5.563 -7.265 -9.021 2.698 -1.259 7.022 2.365 -2.721 -7.588 2.998 -7.112 4.374 -0.787 1.915 4.609 7.490 -8.349 9.747 8.188 -5.363 7.435 0.105 -9.331 -5.710 4.778 -4.552 -0.117 -2.764 7.551 5.979 5.764 6.126 0.393 2.350 6.957 -8.965 5.510 0.714 1.152 7.954 -5.757 2.221 -5.464 -3.159 -2.329
-9.043 9.932 7.142 -2.742 7.337 3.771 -5.577 -1.546 -2.481 9.499 -4.995 -7.924 1.256 -1.702 7.501 5.487 -4.395 -6.094 4.723 -4.587 5.515 8.906 -6.083 4.756 -5.544 -8.090 5.770 8.370 -4.065 -2.618 1.618 -5.753 4.040 3.938 -3.988 2.792 -8.887 -3.404 -3.695 -8.972 -9.629 -1.054 -3.337 -8.527 0.610 -6.094 -0.322 6.171 -1.525 -4.638 -4.601 -8.999 9.552 4.734 2.960 -6.439 -3.919 9.614 -0.531 6.928 -0.298 9.747 4.857 2.908 -9.205 6.415 6.190 -5.169 -5.377 -0.711 4.386 7.265 -3.736 5.432 3.046 -7.547 6.081 -4.999 9.453 -5.248 -5.889 -2.880 8.023 6.995 9.002 -4.375 -1.688 1.596 2.509 -3.287 -9.772 -3.439 8.313 -7.705 -1.694 1.197 -7.132 7.588 -0.152 9.132
-1.871 -9.653 -1.590 -7.791 -4.016 2.592 -4.637 0.509 -8.071 0.590 2.877 -6.760 2.521 -0.834 -0.254 -3.648 8.626 4.533 0.169 3.846 8.892 0.049 8.441 -6.773 -1.132 -9.150 -5.312 -6.686 5.445 6.554 -1.860 8.161 8.420 -2.000 5.678 3.980 -0.371 -0.546 -6.445 4.751 7.708 -8.355 9.646 9.900 -9.214 -6.995 -9.530 5.148 7.823 0.609 -7.414 4.614 7.863 -6.440 -7.367 -6.775 5.747 -5.792 0.356 -6.804 2.844 1.579 -3.640 4.457 -7.016 4.818 3.083 2.529 5.916 -8.982 -6.193 0.326 6.936 0.556 -9.721 -0.663 7.661 -2.662 -4.234 -0.696 -2.895 -5.422 -7.265 8.508 4.737 -6.405 5.831 1.458 6.553 -5.898 2.631 -9.600 1.738 4.039 -0.506 1.548 -5.948 5.698 1.835 -1.858
6.801 3.292 -0.986 -0.068 -5.715 -2.008 0.530 0.089 8.710 4.848 -2.203 5.959 -9.966 5.282 2.740 7.557 -5.677 -2.014 8.392 -0.428 1.759 -4.064 -1.943 -0.012 -5.489 -4.110 -3.767 -6.814 -4.186 7.192 8.039 -1.751 -3.551 2.696 -9.625 -3.415 8.626 4.275 -3.331 -2.849 -6.222 -0.015 -3.200 -0.255 2.496 7.854 6.130 -5.908 -6.458 3.668 3.024 7.146 -2.553 8.363 3.127 1.207 -6.720 -3.313 9.995 3.483 -2.682 -9.923 2.633 -0.586 5.365 1.268 -7.261 -4.068 -6.076 6.291 4.548 9.638 3.494 -8.313 -9.145 5.951 4.741 -1.189 0.821 -1.661 -9.648 2.541 4.971 9.718 -9.117 0.150 -6.061 -6.793 1.061 -7.392 -5.638 -0.478 -8.219 2.746 6.821 9.233 7.935 -9.560 8.964 8.887
-3.147 -5.256 -0.903 -0.355 -6.131 -3.757 4.886 1.225 -4.669 3.114 -3.784 -6.675 2.779 -3.207 4.061 -7.436 3.093 4.711 4.150 7.842 0.528 -2.061 -7.346 -0.056 5.143 -3.935 -4.069 6.958 7.774 -9.422 7.005 -6.548 6.372 -5.337 -0.466 -8.841 -7.629 -0.212 8.490 -3.387 0.912 5.371 6.764 9.784 -7.127 6.693 5.278 0.114 2.808 -7.255 1.857 -8.243 4.044 6.226 -1.081 -5.590 5.191 -6.770 7.359 2.329 8.531 -0.232 4.741 5.418 -4.108 -7.114 5.756 -0.212 -3.290 8.077 6.759 -6.209 2.983 -8.555 4.926 8.436 3.310 -4.672 -9.576 -9.306 3.567 -3.412 4.511 0.566 6.560 7.743 -6.352 4.676 4.692 9.520 9.138 -2.156 5.831 -5.180 2.712 9.226 -7.737 9.325 -5.968 2.482
9.957 -5.020 -7.046 -0.654 8.019 -7.000 7.903 -1.544 -6.548 -9.173 5.963 9.615 2.332 0.504 2.083 2.389 6.782 2.677 -0.371 1.904 8.125 5.004 1.483 -6.993 -3.854 -5.362 1.989 1.040 0.380 -6.979 2.734 -2.846 7.914 5.260 -2.387 -8.633 -5.808 0.452 -7.665 6.158 -0.243 -6.285 -1.401 6.853 -4.793 4.540 7.320 -9.483 -9.698 6.138 -0.241 -0.958 -9.384 6.320 -3.386 -1.594 -6.046 -3.135 -6.630 9.490 -7.322 5.766 1.256 -5.658 3.632 8.793 0.810 -9.597 4.662 -5.989 8.316 1.161 -4.685 9.021 1.451 0.566 -5.806 1.424 1.763 4.799 -6.733 8.560 8.177 1.110 5.863 -6.679 6.936 1.881 2.782 3.895 5.056 -9.201 -2.883 -9.876 0.038 -0.378 6.475 -4.913 6.618 -5.443
-0.514 1.417 -3.147 -8.169 -2.686 7.810 1.311 9.547 -6.962 -0.675 1.571 7.218 7.370 -6.541 -4.141 5.828 4.665 -4.792 0.703 -9.509 -0.363 3.882 5.481 -3.342 -1.667 5.503 -9.052 4.951 -5.308 -6.539 6.938 -1.401 -0.968 2.500 -1.207 -7.483 -9.488 1.553 6.912 -6.234 -8.262 8.549 -9.238 -7.597 4.288 0.285 -1.820 -6.014 1.598 -8.366 -6.023 1.406 -3.027 -0.487 -8.185 -1.503 2.763 -0.293 -5.008 0.596 -7.468 3.133 5.879 -7.712 3.146 -0.828 -4.533 -2.004 7.034 -2.249 -6.194 3.075 -2.436 -9.511 5.777 6.847 7.907 -0.486 -7.864 8.188 4.221 5.028 -6.812 -1.186 -4.754 9.104 5.344 8.825 -1.949 -6.781 2.261 -0.057 9.802 3.101 -2.527 2.463 2.770 -6.147 9.578 3.220
