rank = 0         1.000e+00  9.000e-01  8.000e-01  7.000e-01  6.000e-01  5.000e-01  4.000e-01  3.000e-01  2.000e-01  1.000e-01
rank = 1         9.000e+00  9.000e-01  8.000e-01  7.000e-01  6.000e-01  5.000e-01  4.000e-01  3.000e-01  2.000e-01  1.000e-01
rank = 2         8.000e+00  8.000e-01  1.600e+00  1.400e+00  1.200e+00  1.000e+00  8.000e-01  6.000e-01  4.000e-01  2.000e-01
rank = 3         7.000e+00  7.000e-01  1.400e+00  2.100e+00  1.800e+00  1.500e+00  1.200e+00  9.000e-01  6.000e-01  3.000e-01
rank = 0         6.000e+00  6.000e-01  1.200e+00  1.800e+00  2.400e+00  2.000e+00  1.600e+00  1.200e+00  8.000e-01  4.000e-01
rank = 1         5.000e+00  5.000e-01  1.000e+00  1.500e+00  2.000e+00  2.500e+00  2.000e+00  1.500e+00  1.000e+00  5.000e-01
rank = 2         4.000e+00  4.000e-01  8.000e-01  1.200e+00  1.600e+00  2.000e+00  2.400e+00  1.800e+00  1.200e+00  6.000e-01
rank = 3         3.000e+00  3.000e-01  6.000e-01  9.000e-01  1.200e+00  1.500e+00  1.800e+00  2.100e+00  1.400e+00  7.000e-01
rank = 0         2.000e+00  2.000e-01  4.000e-01  6.000e-01  8.000e-01  1.000e+00  1.200e+00  1.400e+00  1.600e+00  8.000e-01
rank = 1         1.000e+00  1.000e-01  2.000e-01  3.000e-01  4.000e-01  5.000e-01  6.000e-01  7.000e-01  8.000e-01  9.000e-01
